Date,Open,High,Low,Close,Volume,Adj Close
2015-03-27,33.85,34.16,33.68,33.70,8233200,33.70
2015-03-26,33.93,34.15,33.72,33.94,12024400,33.94
2015-03-25,34.95,35.13,34.19,34.26,14297300,34.26
2015-03-24,35.56,35.66,35.05,35.07,10096800,35.07
2015-03-23,35.24,35.85,35.20,35.55,11470900,35.55
2015-03-20,34.78,35.53,34.55,35.30,20322400,35.30
2015-03-19,35.00,35.12,34.46,34.46,11542200,34.46
2015-03-18,33.88,34.99,33.80,34.92,16296400,34.92
2015-03-17,34.14,34.15,33.78,33.87,15200200,33.87
2015-03-16,34.23,34.55,34.06,34.35,8423300,34.35
2015-03-13,34.50,34.64,33.58,34.02,16225600,34.02
2015-03-12,34.37,34.65,34.24,34.58,11295700,34.58
2015-03-11,34.25,34.40,33.94,34.19,11435500,34.19
2015-03-10,34.40,34.58,34.08,34.29,14160200,34.29
2015-03-09,34.50,34.79,34.42,34.72,8667700,34.72
2015-03-06,34.73,34.94,34.43,34.49,10689600,34.34
2015-03-05,35.26,35.26,34.86,34.87,11141200,34.72
2015-03-04,35.58,35.60,34.66,34.97,22855700,34.82
2015-03-03,34.97,35.66,34.96,35.64,15718000,35.48
2015-03-02,35.00,35.22,34.95,35.16,10437300,35.01
2015-02-27,34.88,35.05,34.62,35.00,18643700,34.85
2015-02-26,34.78,34.89,34.55,34.82,16811300,34.67
2015-02-25,35.14,35.51,34.89,34.90,17644500,34.75
2015-02-24,35.38,35.57,35.20,35.24,14882900,35.09
2015-02-23,35.24,35.38,34.99,35.37,12774900,35.22
2015-02-20,34.89,35.31,34.53,35.30,12619900,35.15
2015-02-19,34.65,34.87,34.46,34.80,9307800,34.65
2015-02-18,35.20,35.35,34.47,34.66,12137000,34.51
2015-02-17,34.68,35.06,34.45,35.06,12991600,34.91
2015-02-13,34.45,34.92,34.33,34.72,12138000,34.57
2015-02-12,34.94,34.99,34.20,34.41,19079600,34.26
2015-02-11,34.42,34.83,34.21,34.82,14119400,34.67
2015-02-10,34.20,34.61,33.88,34.46,13447600,34.31
2015-02-09,33.51,34.13,33.43,34.05,17959900,33.90
2015-02-06,32.88,33.84,32.72,33.58,16468600,33.43
2015-02-05,32.80,33.15,32.54,32.80,37682100,32.66
2015-02-04,34.59,35.09,34.15,34.66,22721400,34.51
2015-02-03,34.04,34.63,33.86,34.60,12525700,34.45
2015-02-02,33.24,33.81,32.88,33.77,13486400,33.62
2015-01-30,33.59,33.73,33.08,33.16,13614300,33.02
2015-01-29,33.66,34.07,33.18,33.85,8771900,33.70
2015-01-28,34.21,34.32,33.53,33.56,8219900,33.41
2015-01-27,34.21,34.53,34.04,34.16,7675100,34.01
2015-01-26,34.40,34.57,33.93,34.54,7115100,34.39
2015-01-23,33.95,34.80,33.95,34.29,9570700,34.14
2015-01-22,34.10,34.65,33.83,34.56,12978100,34.41
2015-01-21,34.16,34.16,33.66,33.91,13113300,33.76
2015-01-20,35.15,35.22,33.95,34.12,13421100,33.97
2015-01-16,34.50,35.08,34.49,34.94,11778900,34.79
2015-01-15,34.99,35.20,34.47,34.59,8630200,34.44
2015-01-14,34.66,35.16,34.51,34.86,8401400,34.71
2015-01-13,35.60,36.16,34.92,35.13,12727200,34.98
2015-01-12,35.50,35.60,34.81,35.38,10746900,35.23
2015-01-09,35.66,35.85,35.36,35.38,8853500,35.23
2015-01-08,35.47,35.92,35.32,35.68,14922800,35.52
2015-01-07,36.74,36.79,34.99,35.32,27172700,35.17
2015-01-06,37.12,37.23,36.44,36.62,7566100,36.46
2015-01-05,37.73,37.84,37.05,37.08,8345700,36.92
2015-01-02,38.70,38.70,37.66,37.85,7765500,37.69
2014-12-31,38.88,39.02,38.40,38.41,6740100,38.24
2014-12-30,38.77,38.95,38.45,38.67,5698300,38.50
2014-12-29,38.73,39.15,38.73,39.01,5079800,38.84
2014-12-26,38.74,38.98,38.71,38.89,3778900,38.72
2014-12-24,38.95,38.99,38.71,38.71,3187900,38.54
2014-12-23,39.03,39.27,38.69,38.74,9910100,38.57
2014-12-22,38.48,38.99,38.46,38.97,8270800,38.80
2014-12-19,37.84,38.59,37.73,38.51,24141500,38.34
2014-12-18,37.53,37.83,37.33,37.75,16157700,37.59
2014-12-17,36.48,37.40,36.31,37.23,11306700,37.07
2014-12-16,36.84,37.13,36.20,36.21,13103700,36.05
2014-12-15,36.99,37.08,36.47,36.50,14784800,36.34
2014-12-12,36.57,37.30,36.47,36.90,11823000,36.74
2014-12-11,37.82,37.82,36.93,37.12,8277500,36.96
2014-12-10,37.03,37.20,36.85,36.99,10904500,36.83
2014-12-09,37.02,37.39,36.71,37.11,8855400,36.95
2014-12-08,37.84,38.08,37.35,37.39,9662900,37.23
2014-12-05,37.70,37.95,37.41,37.81,11000100,37.65
2014-12-04,37.15,37.79,37.11,37.63,14156300,37.47
2014-12-03,37.22,37.43,36.98,37.25,9897100,37.09
2014-12-02,37.27,37.54,37.12,37.19,10367800,37.03
2014-12-01,36.75,37.29,36.39,37.28,15539200,37.12
2014-11-28,36.86,36.87,36.40,36.80,3308600,36.64
2014-11-26,36.55,36.60,36.24,36.32,8172100,36.16
2014-11-25,35.92,36.65,35.81,36.56,17894000,36.40
2014-11-24,35.26,35.76,35.13,35.75,12188400,35.59
2014-11-21,35.55,35.55,34.95,35.21,11036100,35.06
2014-11-20,34.78,35.11,34.53,35.06,8228000,34.91
2014-11-19,35.10,35.41,34.88,35.01,8455200,34.86
2014-11-18,35.29,35.41,34.95,35.30,9487500,35.15
2014-11-17,35.12,35.45,35.00,35.34,7710700,35.19
2014-11-14,35.07,35.19,34.72,35.11,7612600,34.96
2014-11-13,34.66,35.05,34.66,34.99,8699800,34.84
2014-11-12,34.70,34.93,34.54,34.64,8206000,34.49
2014-11-11,34.62,34.96,34.57,34.93,11220900,34.78
2014-11-10,34.52,34.79,34.39,34.74,13346200,34.59
2014-11-07,35.29,35.29,34.44,34.61,9196800,34.46
2014-11-06,35.21,35.31,34.69,35.31,12412000,35.16
2014-11-05,34.36,34.84,33.94,34.84,24554700,34.69
2014-11-04,34.15,34.16,32.49,33.33,26730000,33.19
2014-11-03,34.41,34.93,34.08,34.35,10385300,34.20
2014-10-31,36.02,36.02,34.33,34.48,12206200,34.33
2014-10-30,34.16,34.61,34.06,34.56,10775400,34.41
2014-10-29,34.34,34.60,34.14,34.35,14402700,34.20
2014-10-28,33.81,34.32,33.81,34.31,11355700,34.16
2014-10-27,33.25,33.78,33.20,33.77,9944500,33.62
2014-10-24,33.65,33.68,33.27,33.35,11931300,33.20
2014-10-23,33.72,33.72,33.17,33.54,15164000,33.39
2014-10-22,33.69,33.71,32.60,32.75,18332600,32.61
2014-10-21,33.11,33.76,32.98,33.67,13787200,33.52
2014-10-20,33.24,33.24,32.53,33.04,14502100,32.90
2014-10-17,32.65,33.07,32.58,32.70,12619700,32.56
2014-10-16,31.16,32.72,31.01,32.50,20965100,32.36
2014-10-15,31.47,32.34,31.02,31.77,19086100,31.63
2014-10-14,32.18,32.47,31.88,31.90,11944900,31.76
2014-10-13,32.17,32.68,31.78,31.82,21493300,31.68
2014-10-10,33.14,33.49,32.35,32.43,22025300,32.29
2014-10-09,34.04,34.20,33.04,33.11,17728500,32.97
2014-10-08,33.50,34.22,33.37,34.11,15353100,33.96
2014-10-07,33.81,34.06,33.65,33.65,9818600,33.50
2014-10-06,34.14,34.25,33.95,34.11,11844200,33.96
2014-10-03,33.52,34.18,33.37,34.07,13927200,33.92
2014-10-02,33.65,33.82,32.52,33.41,25626300,33.26
2014-10-01,34.25,34.32,33.63,33.70,11364900,33.55
2014-09-30,34.11,34.62,34.11,34.29,10073500,34.14
2014-09-29,34.25,34.51,34.02,34.15,13296200,34.00
2014-09-26,33.62,34.50,33.62,34.44,11129400,34.29
2014-09-25,34.42,34.60,33.73,33.74,12240400,33.59
2014-09-24,34.15,34.54,34.07,34.49,8473300,34.34
2014-09-23,34.46,34.57,34.21,34.22,10437400,34.07
2014-09-22,35.00,35.08,34.38,34.52,15461400,34.37
2014-09-19,34.63,35.46,34.63,35.15,25997800,35.00
2014-09-18,34.64,34.94,34.62,34.91,6961000,34.76
2014-09-17,34.79,34.92,34.51,34.65,14247400,34.50
2014-09-16,34.88,35.08,34.59,34.75,12143400,34.60
2014-09-15,34.95,35.07,34.53,34.91,9915300,34.76
2014-09-12,35.34,35.40,34.96,35.05,12086700,34.90
2014-09-11,34.83,35.82,34.83,35.30,13305000,35.15
2014-09-10,35.59,35.71,35.36,35.56,7408600,35.41
2014-09-09,35.76,35.89,35.47,35.67,8795500,35.51
2014-09-08,35.90,36.36,35.83,35.88,14029900,35.72
2014-09-05,35.83,36.33,35.83,36.15,8935100,35.87
2014-09-04,36.27,36.56,36.10,36.13,11031900,35.85
2014-09-03,36.00,36.34,35.86,36.30,11825400,36.02
2014-09-02,35.39,35.99,35.39,35.93,8477200,35.65
2014-08-29,35.77,35.77,35.26,35.42,9515800,35.14
2014-08-28,35.63,35.81,35.57,35.60,6975800,35.32
2014-08-27,35.53,35.85,35.47,35.85,6079600,35.57
2014-08-26,35.57,35.78,35.47,35.56,6620100,35.28
2014-08-25,35.79,35.95,35.42,35.56,6169600,35.28
2014-08-22,35.81,35.92,35.51,35.69,6367800,35.41
2014-08-21,35.67,35.85,35.48,35.73,7833100,35.45
2014-08-20,36.08,36.08,35.58,35.67,9274200,35.39
2014-08-19,35.95,36.04,35.63,35.89,9121300,35.61
2014-08-18,36.00,36.24,35.78,35.97,10115800,35.69
2014-08-15,36.01,36.11,35.68,35.86,17620200,35.58
2014-08-14,35.29,35.81,35.29,35.76,15799300,35.48
2014-08-13,35.11,35.45,35.02,35.40,15511200,35.12
2014-08-12,34.69,35.26,34.59,35.11,17794400,34.84
2014-08-11,34.52,34.98,34.16,34.77,19259700,34.50
2014-08-08,33.71,34.41,33.70,34.37,18765000,34.10
2014-08-07,34.51,34.92,33.69,33.96,42015200,33.70
2014-08-06,33.20,33.25,32.20,32.33,49969400,32.08
2014-08-05,31.47,31.78,31.27,31.30,26355800,31.06
2014-08-04,31.92,32.08,31.50,31.52,18642400,31.27
2014-08-01,31.71,32.08,31.53,31.94,16580700,31.69
2014-07-31,31.89,32.27,31.67,31.67,21844600,31.42
2014-07-30,32.25,32.53,31.94,32.00,27828400,31.75
2014-07-29,32.56,32.64,32.15,32.15,15845800,31.90
2014-07-28,32.83,32.93,32.42,32.46,17754200,32.21
2014-07-25,33.47,33.49,32.78,32.81,18561200,32.55
2014-07-24,32.68,33.01,32.62,32.92,24516000,32.66
2014-07-23,33.08,33.18,32.56,32.70,24368600,32.45
2014-07-22,33.08,33.47,32.89,33.34,15797900,33.08
2014-07-21,32.90,33.15,32.74,32.89,16953400,32.63
2014-07-18,33.05,33.14,32.58,33.01,29432000,32.75
2014-07-17,32.99,33.31,32.68,32.77,38800600,32.51
2014-07-16,35.25,35.29,32.69,33.00,89282600,32.74
2014-07-15,35.46,35.54,34.83,35.19,9962100,34.92
2014-07-14,35.75,35.93,35.49,35.54,5972800,35.26
2014-07-11,35.73,35.88,35.29,35.64,10288200,35.36
2014-07-10,35.46,35.90,35.22,35.71,6190900,35.43
2014-07-09,35.18,35.98,35.15,35.91,11174500,35.63
2014-07-08,35.67,35.77,34.97,35.10,12079500,34.83
2014-07-07,36.06,36.14,35.62,35.69,6243200,35.41
2014-07-03,35.74,36.21,35.58,36.21,6806200,35.93
2014-07-02,35.19,35.78,35.17,35.70,7890000,35.42
2014-07-01,34.26,35.45,34.17,35.30,9850500,35.02
2014-06-30,35.31,35.61,35.12,35.15,11021600,34.88
2014-06-27,35.07,35.55,34.60,35.25,15120600,34.98
2014-06-26,34.78,35.27,34.52,35.15,10378200,34.88
2014-06-25,34.21,35.06,33.99,34.88,27264300,34.61
2014-06-24,34.33,34.60,34.13,34.21,12755900,33.94
2014-06-23,34.60,34.78,34.34,34.34,9490300,34.07
2014-06-20,35.28,35.35,34.48,34.54,21913100,34.27
2014-06-19,35.50,35.63,35.14,35.37,8012300,35.09
2014-06-18,35.61,35.61,35.24,35.37,12601800,35.09
2014-06-17,35.55,35.91,35.47,35.51,9384100,35.23
2014-06-16,35.26,35.98,35.02,35.73,10469300,35.45
2014-06-13,35.44,35.64,34.97,35.52,9801200,35.24
2014-06-12,36.01,36.06,35.29,35.41,13747200,35.13
2014-06-11,35.90,36.22,35.89,36.12,12274800,35.84
2014-06-10,36.04,36.21,35.83,36.08,15010600,35.80
2014-06-09,36.05,36.43,36.04,36.21,8810200,35.93
2014-06-06,36.32,36.32,35.81,36.04,7271500,35.76
2014-06-05,35.61,36.11,35.37,36.09,9458200,35.81
2014-06-04,35.35,35.64,35.19,35.50,8688000,35.22
2014-06-03,35.35,35.60,35.27,35.39,7620600,35.11
2014-06-02,35.38,35.59,35.32,35.54,7432400,35.26
2014-05-30,35.64,35.64,35.31,35.41,12805700,35.13
2014-05-29,35.15,35.51,35.09,35.51,13876200,35.23
2014-05-28,34.86,35.21,34.59,35.16,9157700,34.89
2014-05-27,35.05,35.23,34.62,34.78,9437400,34.51
2014-05-23,34.50,34.98,34.44,34.95,7054200,34.68
2014-05-22,34.50,34.76,34.37,34.53,7294700,34.26
2014-05-21,34.12,34.66,34.12,34.55,6896700,34.28
2014-05-20,34.30,34.44,33.95,34.09,10011700,33.82
2014-05-19,33.89,34.27,33.85,34.12,6774900,33.85
2014-05-16,34.06,34.28,33.58,34.07,9684700,33.80
2014-05-15,34.22,34.28,33.28,34.02,19434900,33.75
2014-05-14,34.77,34.88,34.21,34.28,8352000,34.01
2014-05-13,35.19,35.30,34.80,34.90,10517200,34.63
2014-05-12,34.48,35.59,34.30,35.19,20714200,34.92
2014-05-09,34.24,34.24,33.42,34.15,16088700,33.88
2014-05-08,32.99,34.58,32.85,34.22,28312000,33.95
2014-05-07,32.15,32.58,31.83,32.12,16791100,31.87
2014-05-06,32.67,32.87,32.32,32.41,7885400,32.16
2014-05-05,32.40,32.87,32.11,32.82,6244300,32.56
2014-05-02,32.63,32.69,32.22,32.52,7603200,32.27
2014-05-01,32.08,32.71,31.90,32.47,12006300,32.22
2014-04-30,31.97,32.32,31.56,32.02,16338600,31.77
2014-04-29,32.01,32.08,31.59,32.01,10361100,31.76
2014-04-28,32.70,32.89,31.40,31.78,17278400,31.53
2014-04-25,32.69,32.84,32.53,32.64,11021900,32.39
2014-04-24,32.85,32.95,32.57,32.88,9815400,32.62
2014-04-23,32.75,32.99,32.55,32.72,12060900,32.47
2014-04-22,32.60,33.13,32.60,32.80,11829300,32.54
2014-04-21,32.73,32.75,32.17,32.59,7500200,32.34
2014-04-17,32.15,32.69,31.99,32.52,14956000,32.27
2014-04-16,31.84,32.28,31.79,32.28,11856900,32.03
2014-04-15,31.93,32.08,31.19,31.65,13080500,31.40
2014-04-14,32.10,32.20,31.66,31.89,12410600,31.64
2014-04-11,32.15,32.30,31.60,31.91,17041600,31.66
2014-04-10,33.13,33.24,32.27,32.43,17692800,32.18
2014-04-09,32.37,33.17,32.29,33.12,15465800,32.86
2014-04-08,31.75,32.56,31.55,32.36,13206300,32.11
2014-04-07,32.74,32.83,31.39,32.00,27255000,31.75
2014-04-04,34.01,34.09,32.83,32.87,18400900,32.61
2014-04-03,33.75,34.15,33.46,33.74,17763200,33.48
2014-04-02,32.94,33.74,32.83,33.59,18810100,33.33
2014-04-01,32.17,33.07,32.10,33.04,19746700,32.78
2014-03-31,31.67,32.15,31.67,31.97,10982000,31.72
2014-03-28,31.82,31.90,31.33,31.61,14526200,31.36
2014-03-27,31.98,32.22,31.57,31.67,15958900,31.42
2014-03-26,32.53,32.91,32.06,32.07,13369300,31.82
2014-03-25,32.32,32.71,32.20,32.51,12714800,32.26
2014-03-24,32.71,32.81,32.12,32.27,9884500,32.02
2014-03-21,33.34,33.49,32.60,32.73,19977700,32.47
2014-03-20,32.67,33.01,32.54,32.75,12111700,32.49
2014-03-19,32.79,33.21,32.77,33.00,11203200,32.74
2014-03-18,32.54,33.14,32.25,33.06,11626700,32.80
2014-03-17,32.60,32.75,32.33,32.39,10386100,32.14
2014-03-14,31.99,32.42,31.98,32.29,7336700,32.04
2014-03-13,32.70,32.87,32.01,32.11,12232800,31.86
2014-03-12,33.00,33.07,32.59,32.69,12339100,32.44
2014-03-11,33.67,33.72,32.82,32.97,12122900,32.71
2014-03-10,33.82,33.95,33.45,33.69,5967200,33.43
2014-03-07,34.56,34.70,33.84,33.91,10780900,33.52
2014-03-06,34.08,34.65,33.93,34.34,17528700,33.95
2014-03-05,34.00,34.32,33.74,33.94,10654300,33.55
2014-03-04,33.36,33.86,33.26,33.79,11709100,33.40
2014-03-03,33.36,33.53,32.85,33.06,7449000,32.68
2014-02-28,33.24,33.62,33.09,33.54,11612700,33.16
2014-02-27,32.70,33.12,32.68,33.04,6826700,32.66
2014-02-26,33.16,33.32,32.77,32.83,9073900,32.45
2014-02-25,33.19,33.47,33.08,33.19,7500900,32.81
2014-02-24,32.93,33.61,32.93,33.17,12046100,32.79
2014-02-21,32.64,33.04,32.56,32.94,8929800,32.56
2014-02-20,32.93,32.93,32.58,32.67,9602400,32.30
2014-02-19,32.85,33.08,32.74,32.77,9525600,32.39
2014-02-18,32.64,33.23,32.64,33.03,12903500,32.65
2014-02-14,31.81,32.78,31.81,32.59,9127600,32.22
2014-02-13,32.47,32.82,32.21,32.24,12655000,31.87
2014-02-12,32.05,32.67,32.05,32.57,18143300,32.20
2014-02-11,31.93,32.34,31.91,32.15,10069200,31.78
2014-02-10,32.15,32.32,31.89,32.15,10191600,31.78
2014-02-07,32.31,32.45,31.88,32.24,12374200,31.87
2014-02-06,31.28,32.95,31.25,32.15,18462100,31.78
2014-02-05,31.04,31.86,30.83,31.72,17585100,31.36
2014-02-04,31.11,31.86,31.00,31.56,25115900,31.20
2014-02-03,31.80,32.02,30.69,30.88,17686400,30.53
2014-01-31,31.41,32.16,31.39,31.82,15747300,31.46
2014-01-30,31.06,32.35,30.92,32.02,16954400,31.65
2014-01-29,30.98,31.33,30.67,30.73,19159900,30.38
2014-01-28,31.14,31.53,31.02,31.27,12628100,30.91
2014-01-27,31.17,31.45,30.86,31.05,15223800,30.69
2014-01-24,31.51,31.59,31.18,31.27,14916500,30.91
2014-01-23,31.87,32.02,31.56,31.74,15457200,31.38
2014-01-22,31.93,32.32,31.75,32.07,13263000,31.70
2014-01-21,32.06,32.10,31.68,31.92,17228000,31.55
2014-01-17,32.23,32.42,31.95,32.04,17798000,31.67
2014-01-16,32.61,32.74,32.38,32.47,7975700,32.10
2014-01-15,32.35,32.97,32.15,32.61,15744900,32.24
2014-01-14,32.35,32.41,31.76,32.30,30085500,31.93
2014-01-13,33.22,33.42,32.25,32.35,22378800,31.98
2014-01-10,33.40,33.52,32.94,33.46,19534600,33.08
2014-01-09,33.97,34.09,33.19,33.50,25197900,33.12
2014-01-08,34.86,34.91,34.30,34.39,7901700,34.00
2014-01-07,34.97,35.25,34.84,34.97,5887700,34.57
2014-01-06,35.31,35.42,34.79,34.80,10612200,34.40
2014-01-03,35.50,35.75,35.16,35.20,6138500,34.80
2014-01-02,35.47,35.75,35.27,35.63,11035500,35.22
2013-12-31,35.00,35.21,34.99,35.17,6649600,34.77
2013-12-30,34.57,35.23,34.51,35.02,7546500,34.62
2013-12-27,35.07,35.14,34.86,34.96,11248300,34.56
2013-12-26,34.77,35.04,34.56,34.98,5422400,34.58
2013-12-24,34.59,34.80,34.35,34.79,2714300,34.39
2013-12-23,34.50,34.60,34.24,34.59,6592900,34.19
2013-12-20,34.09,34.56,33.98,34.30,20909100,33.91
2013-12-19,33.50,34.07,33.32,33.97,14270300,33.58
2013-12-18,33.06,33.51,32.65,33.46,14051800,33.08
2013-12-17,32.99,32.99,32.44,32.86,9955400,32.48
2013-12-16,33.18,33.25,32.77,32.84,8359300,32.46
2013-12-13,32.72,33.16,32.43,32.93,8325500,32.55
2013-12-12,32.41,32.82,32.25,32.66,9865700,32.29
2013-12-11,33.18,33.29,32.62,32.69,9368000,32.32
2013-12-10,32.89,33.34,32.89,33.16,8126800,32.78
2013-12-09,33.36,33.40,33.00,33.10,7737300,32.72
2013-12-06,33.30,33.44,32.76,33.14,8753200,32.76
2013-12-05,32.87,32.98,32.56,32.74,9883300,32.37
2013-12-04,32.95,33.31,32.75,32.91,12886600,32.53
2013-12-03,33.30,33.59,32.96,33.22,8420000,32.84
2013-12-02,33.52,33.78,33.46,33.53,9328400,33.15
2013-11-29,33.40,33.80,33.28,33.49,5016500,33.11
2013-11-27,33.32,33.55,33.02,33.50,7536500,33.12
2013-11-26,32.88,33.44,32.88,33.20,10033100,32.82
2013-11-25,33.47,33.64,33.15,33.20,5333200,32.82
2013-11-22,33.46,33.51,33.27,33.40,6969600,33.02
2013-11-21,33.18,33.51,33.09,33.26,7878900,32.88
2013-11-20,33.30,33.47,32.96,33.12,8550300,32.74
2013-11-19,33.67,33.82,33.17,33.26,10364900,32.88
2013-11-18,34.12,34.28,33.50,33.75,9427600,33.36
2013-11-15,34.08,34.40,34.00,34.19,7596000,33.80
2013-11-14,33.80,34.36,33.59,34.13,9606300,33.74
2013-11-13,32.90,33.74,32.86,33.69,11256600,33.30
2013-11-12,33.28,33.36,32.85,33.17,13788900,32.79
2013-11-11,33.74,33.84,33.40,33.46,6687900,33.08
2013-11-08,33.04,33.89,32.87,33.84,13908800,33.45
2013-11-07,33.89,34.10,32.64,32.80,19983100,32.42
2013-11-06,34.42,35.44,33.78,33.92,18028800,33.53
2013-11-05,31.71,34.15,31.71,34.09,9557500,33.70
2013-11-04,34.50,34.52,33.95,34.15,6574400,33.76
2013-11-01,34.50,34.50,34.04,34.37,8492300,33.98
2013-10-31,34.07,34.45,33.97,34.08,11359300,33.69
2013-10-30,34.84,34.95,33.76,33.94,16362000,33.55
2013-10-29,34.68,34.96,34.56,34.82,6008300,34.42
2013-10-28,34.88,35.03,34.71,34.83,8458700,34.43
2013-10-25,35.30,35.33,34.80,34.86,15476400,34.46
2013-10-24,34.91,35.23,34.78,35.18,12017700,34.78
2013-10-23,34.61,34.93,34.53,34.77,7647900,34.37
2013-10-22,34.54,35.04,34.43,34.87,9596800,34.47
2013-10-21,34.21,34.56,34.20,34.40,6972100,34.01
2013-10-18,34.55,34.59,34.22,34.26,8056800,33.87
2013-10-17,33.83,34.42,33.74,34.32,8908900,33.93
2013-10-16,33.73,34.11,33.63,33.94,7124800,33.55
2013-10-15,33.46,33.73,33.36,33.42,9302800,33.04
2013-10-14,32.99,33.78,32.94,33.69,8285600,33.30
2013-10-11,32.89,33.24,32.64,33.23,6911200,32.85
2013-10-10,32.55,33.02,32.32,32.87,11045000,32.49
2013-10-09,32.40,32.62,32.01,32.20,10553500,31.83
2013-10-08,33.11,33.22,32.40,32.44,8865800,32.07
2013-10-07,33.71,33.72,33.02,33.09,7760500,32.71
2013-10-04,33.33,33.83,33.20,33.65,10079100,33.26
2013-10-03,33.56,33.73,33.00,33.15,13198300,32.77
2013-10-02,33.63,33.97,33.54,33.71,20347800,33.32
2013-10-01,33.62,34.12,33.43,33.98,16656900,33.59
2013-09-30,33.07,33.58,32.80,33.51,12143100,33.13
2013-09-27,32.78,33.43,32.73,33.26,9957100,32.88
2013-09-26,32.70,33.04,32.65,33.02,5901000,32.64
2013-09-25,32.39,32.80,32.25,32.67,11223700,32.30
2013-09-24,32.86,32.94,32.50,32.55,7639900,32.18
2013-09-23,32.75,33.03,32.67,32.74,5864400,32.37
2013-09-20,32.91,33.29,32.87,33.01,11680700,32.63
2013-09-19,32.86,32.92,32.41,32.81,8086900,32.43
2013-09-18,32.52,33.01,32.30,32.73,10120800,32.36
2013-09-17,32.60,32.78,32.48,32.59,8954400,32.22
2013-09-16,33.10,33.36,32.52,32.60,10750200,32.23
2013-09-13,32.56,32.66,32.09,32.63,9180100,32.26
2013-09-12,32.46,32.56,32.15,32.31,9198300,31.94
2013-09-11,32.61,32.63,32.23,32.47,8337900,32.10
2013-09-10,32.25,32.44,32.08,32.22,8393200,31.85
2013-09-09,32.11,32.20,31.79,32.13,6165500,31.76
2013-09-06,31.88,32.41,31.43,32.10,7272900,31.61
2013-09-05,31.88,32.15,31.48,31.95,6264100,31.46
2013-09-04,31.84,32.19,31.63,31.95,8258500,31.46
2013-09-03,32.32,32.34,31.59,31.71,10975300,31.22
2013-08-30,31.58,31.70,31.14,31.33,6514700,30.85
2013-08-29,31.32,31.89,31.22,31.42,9552200,30.94
2013-08-28,31.67,31.75,31.22,31.57,8633900,31.09
2013-08-27,31.73,31.90,31.38,31.60,9588700,31.12
2013-08-26,32.16,32.56,32.01,32.08,7939800,31.59
2013-08-23,32.11,32.33,32.01,32.19,9010900,31.70
2013-08-22,31.61,33.61,31.51,32.08,5742100,31.59
2013-08-21,31.69,31.93,31.42,31.45,11422700,30.97
2013-08-20,31.59,31.97,31.45,31.89,10865800,31.40
2013-08-19,32.10,32.10,31.41,31.44,8998000,30.96
2013-08-16,31.69,32.20,31.69,31.97,8386500,31.48
2013-08-15,32.20,32.20,31.52,31.84,9567500,31.35
2013-08-14,32.52,32.74,32.12,32.27,9055800,31.78
2013-08-13,32.70,32.71,32.31,32.52,9872700,32.02
2013-08-12,32.56,32.84,32.54,32.66,9447800,32.16
2013-08-09,32.90,33.10,32.63,32.77,16200000,32.27
2013-08-08,31.80,33.84,31.77,32.79,28237700,32.29
2013-08-07,32.00,32.89,31.48,31.81,26365100,31.32
2013-08-06,31.16,31.67,31.09,31.23,13260100,30.75
2013-08-05,31.40,32.66,31.25,31.36,14242700,30.88
2013-08-02,30.77,31.56,30.59,31.53,20084100,31.05
2013-08-01,30.10,30.64,30.07,30.62,14062400,30.15
2013-07-31,29.62,30.12,29.47,29.88,13379600,29.42
2013-07-30,29.91,30.16,29.42,29.42,15675400,28.97
2013-07-29,30.29,30.30,29.78,29.91,10686300,29.45
2013-07-26,30.07,30.45,30.06,30.43,7218700,29.96
2013-07-25,30.14,30.47,30.11,30.39,8224300,29.93
2013-07-24,30.80,30.95,30.28,30.48,9384900,30.01
2013-07-23,30.69,30.98,30.51,30.86,11195000,30.39
2013-07-22,31.32,31.48,30.56,30.87,8973100,30.40
2013-07-19,30.99,31.11,30.54,30.68,10240000,30.21
2013-07-18,30.28,31.14,30.25,31.02,14420100,30.55
2013-07-17,30.28,30.46,29.94,30.16,6300300,29.70
2013-07-16,30.14,30.37,30.04,30.22,6888000,29.76
2013-07-15,30.28,30.34,29.90,30.00,11607300,29.54
2013-07-12,30.08,30.26,29.90,30.19,14667300,29.73
2013-07-11,30.52,30.52,29.78,29.94,18499900,29.48
2013-07-10,30.07,30.18,29.61,30.02,11901300,29.56
2013-07-09,30.50,30.61,29.96,30.09,14498600,29.63
2013-07-08,30.60,30.65,30.07,30.37,12226700,29.91
2013-07-05,30.33,30.54,29.91,30.39,11705000,29.93
2013-07-03,29.07,29.73,28.79,29.65,9751300,29.20
2013-07-02,29.75,29.75,29.13,29.21,16680000,28.76
2013-07-01,28.77,29.87,28.77,29.40,11825100,28.95
2013-06-28,32.46,32.85,32.43,32.58,33634500,28.34
2013-06-27,32.33,33.05,32.31,32.69,28726800,28.44
2013-06-26,31.72,32.17,31.55,32.15,20456500,27.97
2013-06-25,31.36,31.64,31.25,31.46,11915700,27.37
2013-06-24,31.35,31.36,30.76,31.14,14274900,27.09
2013-06-21,31.41,31.60,31.08,31.42,20990500,27.33
2013-06-20,31.91,32.15,31.10,31.28,26736200,27.21
2013-06-19,31.97,32.66,31.77,32.23,30612900,28.04
2013-06-18,31.25,32.07,30.96,31.56,40646000,27.45
2013-06-17,31.30,31.65,31.12,31.28,14270100,27.21
2013-06-14,31.23,31.61,31.10,31.29,16436800,27.22
2013-06-13,30.80,31.83,30.33,31.68,26517400,27.56
2013-06-12,31.86,31.86,30.75,30.94,20630400,26.91
2013-06-11,31.45,32.02,31.07,31.67,22029900,27.55
2013-06-10,32.40,32.42,31.88,31.95,10755800,27.79
2013-06-07,31.90,32.24,31.40,32.17,16471900,27.98
2013-06-06,31.39,31.87,30.94,31.82,27837400,27.68
2013-06-05,32.14,32.15,31.48,31.53,21150700,27.43
2013-06-04,32.48,32.95,32.20,32.47,15320300,28.24
2013-06-03,32.17,32.49,31.59,32.48,17959700,28.25
2013-05-31,32.17,32.64,32.09,32.11,20823100,27.93
2013-05-30,32.76,32.99,32.41,32.42,14828800,28.20
2013-05-29,32.99,33.02,32.55,32.80,18537700,28.53
2013-05-28,32.87,33.50,32.87,33.24,16079900,28.91
2013-05-24,32.69,33.30,32.51,33.09,19216200,28.78
2013-05-23,33.20,33.21,32.62,32.87,15509700,28.59
2013-05-22,33.17,33.92,33.07,33.22,21890000,28.90
2013-05-21,33.08,33.32,32.79,33.21,12298600,28.89
2013-05-20,33.06,33.20,32.96,33.05,11467400,28.75
2013-05-17,33.11,33.29,32.97,33.22,13801500,28.90
2013-05-16,33.05,33.39,32.82,32.86,17210400,28.58
2013-05-15,33.28,33.41,33.05,33.38,14988000,29.04
2013-05-14,33.46,33.67,33.36,33.48,22187800,29.12
2013-05-13,33.10,33.41,32.88,33.31,12748000,28.98
2013-05-10,33.09,33.53,33.07,33.27,10807400,28.94
2013-05-09,33.07,34.04,33.00,33.29,32915600,28.96
2013-05-08,32.00,32.11,31.42,31.86,25908900,27.71
2013-05-07,32.12,32.26,31.96,32.19,15004000,28.00
2013-05-06,31.88,32.11,31.81,32.01,15102600,27.84
2013-05-03,32.28,32.53,31.92,31.97,23758600,27.81
2013-05-02,31.25,32.20,31.10,31.88,19466200,27.73
2013-05-01,30.98,31.38,30.87,31.13,12948900,27.08
2013-04-30,31.20,31.22,30.83,30.97,22083700,26.94
2013-04-29,31.18,31.42,30.94,30.99,9866600,26.96
2013-04-26,31.22,31.37,31.00,31.15,7889200,27.10
2013-04-25,31.36,31.39,31.11,31.20,8785600,27.14
2013-04-24,31.62,31.75,31.04,31.12,16363800,27.07
2013-04-23,31.67,31.92,31.23,31.64,14514900,27.52
2013-04-22,31.22,31.75,31.00,31.64,13566700,27.52
2013-04-19,30.39,31.29,30.18,31.21,25032800,27.15
2013-04-18,31.15,31.15,30.35,30.44,16442700,26.48
2013-04-17,31.05,31.16,30.70,31.02,15190000,26.98
2013-04-16,30.67,31.46,30.53,31.33,15798000,27.25
2013-04-15,31.23,31.23,30.40,30.40,13940600,26.44
2013-04-12,31.50,31.56,31.18,31.54,9562300,27.44
2013-04-11,31.32,31.69,31.24,31.58,12390800,27.47
2013-04-10,31.12,31.43,30.96,31.21,15526700,27.15
2013-04-09,31.48,31.48,31.01,31.17,13852600,27.11
2013-04-08,30.76,31.49,30.56,31.41,19565600,27.32
2013-04-05,30.03,30.69,29.62,30.64,18000300,26.65
2013-04-04,30.65,30.73,30.32,30.41,16122600,26.45
2013-04-03,31.05,31.10,30.56,30.74,12481600,26.74
2013-04-02,30.56,31.13,30.47,31.03,14714400,26.99
2013-04-01,30.85,30.85,30.12,30.34,15814300,26.39
2013-03-28,30.19,30.67,30.18,30.51,11509200,26.54
2013-03-27,30.20,30.29,29.93,30.23,7647600,26.30
2013-03-26,30.28,30.42,30.19,30.33,8093600,26.38
2013-03-25,30.41,30.55,29.88,30.23,17348200,26.30
2013-03-22,30.03,30.31,29.94,30.29,14899900,26.35
2013-03-21,29.85,30.05,29.68,29.86,15430200,25.97
2013-03-20,29.91,30.15,29.79,30.05,10725200,26.14
2013-03-19,30.22,30.24,29.31,29.63,20192900,25.77
2013-03-18,30.03,30.37,29.81,30.16,11841000,26.24
2013-03-15,30.51,30.70,30.26,30.36,18858200,26.41
2013-03-14,30.54,30.66,30.42,30.65,11190400,26.66
2013-03-13,30.55,30.55,30.14,30.46,14371400,26.50
2013-03-12,30.69,30.69,30.12,30.47,20596000,26.51
2013-03-11,30.43,30.69,30.39,30.69,8963400,26.70
2013-03-08,30.02,30.76,29.92,30.57,19242400,26.52
2013-03-07,29.85,30.07,29.77,29.95,17238500,25.98
2013-03-06,30.37,30.48,29.87,29.87,18395100,25.91
2013-03-05,29.65,30.26,29.61,30.19,24719700,26.19
2013-03-04,28.84,29.51,28.68,29.49,18227800,25.58
2013-03-01,28.66,29.16,28.48,29.14,15154000,25.28
2013-02-28,28.75,28.97,28.69,28.81,13386800,24.99
2013-02-27,28.28,28.91,28.26,28.81,19849500,24.99
2013-02-26,28.08,28.36,28.01,28.30,24229700,24.55
2013-02-25,28.67,28.84,27.98,28.00,18625400,24.29
2013-02-22,28.34,28.57,28.27,28.57,11655500,24.78
2013-02-21,28.61,28.61,28.17,28.25,15613900,24.51
2013-02-20,29.20,29.30,28.63,28.70,21682400,24.90
2013-02-19,28.86,29.18,28.83,29.17,21545400,25.30
2013-02-15,28.54,28.93,28.47,28.90,31484800,25.07
2013-02-14,28.23,28.68,28.22,28.49,18223800,24.71
2013-02-13,28.51,28.53,28.25,28.32,14766900,24.57
2013-02-12,28.25,28.42,28.20,28.34,12294300,24.58
2013-02-11,28.54,28.56,28.13,28.31,14720800,24.56
2013-02-08,27.75,28.46,27.69,28.46,23905400,24.69
2013-02-07,27.37,28.00,27.34,27.56,53777600,23.91
2013-02-06,28.24,28.31,28.07,28.22,40192100,24.48
2013-02-05,28.03,28.39,27.89,28.35,25398600,24.59
2013-02-04,27.92,28.10,27.82,27.95,20204500,24.25
2013-02-01,28.13,28.43,28.00,28.16,28865500,24.43
2013-01-31,27.95,28.08,27.63,27.74,16066800,24.06
2013-01-30,27.67,28.22,27.60,27.90,30765200,24.20
2013-01-29,27.46,27.83,27.32,27.78,16363900,24.10
2013-01-28,27.54,27.94,27.41,27.56,28253800,23.91
2013-01-25,27.19,27.30,26.98,27.21,15546400,23.60
2013-01-24,27.44,27.60,27.04,27.06,42624400,23.47
2013-01-23,27.14,27.41,27.06,27.41,17089400,23.78
2013-01-22,27.30,27.30,26.97,27.17,14652900,23.57
2013-01-18,27.42,27.48,27.12,27.26,15350100,23.65
2013-01-17,27.21,27.57,27.08,27.47,23583900,23.83
2013-01-16,26.89,27.13,26.89,26.99,9870100,23.41
2013-01-15,26.62,27.06,26.54,27.04,15106600,23.46
2013-01-14,26.72,26.94,26.71,26.80,10677700,23.25
2013-01-11,26.90,27.00,26.80,26.93,13894700,23.36
2013-01-10,26.90,27.01,26.67,26.97,22025800,23.40
2013-01-09,26.20,26.47,26.10,26.39,11614200,22.89
2013-01-08,26.05,26.27,25.98,26.13,13226500,22.67
2013-01-07,26.34,26.46,26.09,26.20,8233200,22.73
2013-01-04,26.34,26.60,26.22,26.50,14113300,22.99
2013-01-03,26.61,26.64,26.17,26.26,17685000,22.78
2013-01-02,26.12,26.71,26.09,26.61,28909900,23.08
2012-12-31,24.52,25.55,24.40,25.51,23810800,22.13
2012-12-28,24.75,24.99,24.58,24.61,17370300,21.35
2012-12-27,24.93,25.06,24.48,24.89,14385900,21.59
2012-12-26,25.14,25.17,24.72,24.91,13548700,21.61
2012-12-24,25.00,25.24,24.69,25.15,4728200,21.82
2012-12-21,25.15,25.15,24.55,24.95,29990900,21.64
2012-12-20,25.29,25.49,25.24,25.42,18628600,22.05
2012-12-19,25.48,25.53,25.23,25.23,13498100,21.89
2012-12-18,25.10,25.53,24.94,25.49,21655900,22.11
2012-12-17,24.60,25.08,24.45,25.06,18151900,21.74
2012-12-14,24.59,24.63,24.26,24.44,32899400,21.20
2012-12-13,24.88,24.91,24.38,24.66,25015100,21.39
2012-12-12,25.03,25.10,24.73,24.79,16846100,21.50
2012-12-11,24.93,25.06,24.88,24.93,20360000,21.63
2012-12-10,24.79,24.94,24.72,24.86,12468300,21.57
2012-12-07,24.76,24.87,24.56,24.87,12614100,21.57
2012-12-06,24.27,24.61,24.25,24.60,12322300,21.34
2012-12-05,24.56,24.61,24.21,24.25,22622600,21.04
2012-12-04,24.60,24.64,24.22,24.51,16431800,21.26
2012-12-03,24.81,25.02,24.49,24.53,13547800,21.28
2012-11-30,24.75,24.85,24.61,24.64,18779700,21.37
2012-11-29,24.39,24.82,24.39,24.72,17649800,21.44
2012-11-28,23.89,24.42,23.84,24.37,19176000,21.14
2012-11-27,24.18,24.28,23.91,23.93,13555100,20.76
2012-11-26,24.26,24.30,23.98,24.13,15783900,20.93
2012-11-23,24.14,24.46,24.05,24.30,5917700,21.08
2012-11-21,24.00,24.07,23.79,23.82,11949700,20.66
2012-11-20,23.88,24.20,23.77,24.01,17291000,20.83
2012-11-19,23.64,24.00,23.49,23.97,15957500,20.79
2012-11-16,23.13,23.46,22.97,23.29,28375900,20.20
2012-11-15,23.61,23.64,22.99,23.12,27178800,20.06
2012-11-14,24.25,24.26,23.45,23.54,20750900,20.42
2012-11-13,24.20,24.60,24.06,24.14,19544700,20.94
2012-11-12,24.42,24.43,24.21,24.29,16316700,21.07
2012-11-09,24.40,24.60,24.30,24.42,17885800,21.18
2012-11-08,24.56,24.94,24.34,24.36,18275600,21.13
2012-11-07,24.37,25.05,24.14,24.67,35223600,21.40
2012-11-06,24.08,24.34,23.90,24.28,25530300,21.06
2012-11-05,23.87,23.99,23.74,23.92,17793300,20.75
2012-11-02,24.38,24.52,23.86,23.89,15575000,20.72
2012-11-01,24.05,24.41,23.93,24.26,16437200,21.04
2012-10-31,23.97,24.12,23.82,23.93,13302600,20.76
2012-10-26,24.02,24.20,23.49,23.79,22758900,20.64
2012-10-25,24.65,24.70,23.99,24.09,14629000,20.90
2012-10-24,24.17,24.64,24.10,24.43,14569000,21.19
2012-10-23,24.51,24.52,23.86,24.10,23617400,20.91
2012-10-22,24.81,25.00,24.61,24.73,14930400,21.45
2012-10-19,25.44,25.50,24.68,24.91,16475900,21.61
2012-10-18,25.31,25.50,25.14,25.42,12592300,22.05
2012-10-17,24.87,25.27,24.80,25.20,11134200,21.86
2012-10-16,24.52,24.95,24.49,24.77,11684000,21.49
2012-10-15,24.14,24.46,23.98,24.36,11680600,21.13
2012-10-12,24.24,24.28,24.02,24.11,15636500,20.91
2012-10-11,24.56,24.59,24.05,24.21,24331600,21.00
2012-10-10,24.68,24.91,24.28,24.34,28055000,21.11
2012-10-09,25.10,25.19,24.59,24.62,14981400,21.36
2012-10-08,25.24,25.29,25.03,25.13,10022500,21.80
2012-10-05,25.11,25.45,25.11,25.19,14289300,21.85
2012-10-04,24.85,25.05,24.74,25.04,15544600,21.72
2012-10-03,24.66,25.05,24.57,24.76,11351000,21.48
2012-10-02,24.67,24.76,24.51,24.64,11560700,21.37
2012-10-01,24.63,25.10,24.42,24.55,13649800,21.30
2012-09-28,24.56,24.79,24.46,24.51,15756100,21.26
2012-09-27,24.46,24.92,24.37,24.65,12591600,21.38
2012-09-26,24.49,24.51,24.10,24.34,14915400,21.11
2012-09-25,24.90,25.04,24.42,24.45,15534400,21.21
2012-09-24,24.76,25.05,24.71,24.82,7961000,21.53
2012-09-21,25.08,25.18,24.83,24.96,29037300,21.65
2012-09-20,24.71,25.06,24.71,25.02,14125500,21.70
2012-09-19,24.57,24.98,24.50,24.88,15545700,21.58
2012-09-18,24.58,24.59,24.35,24.48,9352000,21.24
2012-09-17,24.65,24.74,24.35,24.60,11513500,21.34
2012-09-14,24.47,24.80,24.29,24.67,21857500,21.40
2012-09-13,24.14,24.53,24.11,24.36,21620600,21.13
2012-09-12,24.51,24.61,24.10,24.15,14389100,20.95
2012-09-11,24.12,24.48,24.01,24.35,15957500,21.12
2012-09-10,24.46,24.50,24.11,24.15,18885300,20.95
2012-09-07,24.66,24.70,24.39,24.47,15198300,21.15
2012-09-06,23.99,24.54,23.91,24.50,26357700,21.18
2012-09-05,23.50,23.83,23.48,23.75,17535800,20.53
2012-09-04,23.43,23.70,23.25,23.53,17208500,20.34
2012-08-31,23.22,23.56,23.22,23.39,13098200,20.22
2012-08-30,23.25,23.35,23.05,23.13,9585700,19.99
2012-08-29,23.38,23.48,23.24,23.39,6373000,20.22
2012-08-28,23.31,23.43,23.19,23.28,10016700,20.12
2012-08-27,23.34,23.48,23.21,23.38,8516700,20.21
2012-08-24,23.07,23.37,22.90,23.31,23191300,20.15
2012-08-23,23.40,23.48,23.12,23.31,13683700,20.15
2012-08-22,23.23,23.54,23.22,23.53,11606600,20.34
2012-08-21,23.14,23.59,23.13,23.33,13361200,20.17
2012-08-20,23.19,23.30,22.91,23.06,28802100,19.93
2012-08-17,23.61,23.61,23.17,23.26,18101900,20.11
2012-08-16,23.42,23.57,23.31,23.51,14081600,20.32
2012-08-15,23.31,23.46,23.18,23.40,8988500,20.23
2012-08-14,23.36,23.53,23.21,23.30,9114100,20.14
2012-08-13,23.34,23.45,23.19,23.27,12667100,20.12
2012-08-10,23.59,23.61,23.22,23.39,19120600,20.22
2012-08-09,23.25,24.05,23.25,23.67,34771900,20.46
2012-08-08,23.76,23.95,23.60,23.72,25226300,20.50
2012-08-07,23.65,24.04,23.65,23.86,29176300,20.63
2012-08-06,23.59,23.82,23.41,23.60,26067100,20.40
2012-08-03,23.32,23.57,23.30,23.47,20058700,20.29
2012-08-02,22.80,23.25,22.67,23.14,18799400,20.00
2012-08-01,23.22,23.27,22.94,23.01,20762800,19.89
2012-07-31,23.18,23.21,22.97,23.02,18640400,19.90
2012-07-30,23.36,23.44,23.15,23.27,13830300,20.12
2012-07-27,22.86,23.56,22.74,23.38,28217400,20.21
2012-07-26,22.51,22.72,22.36,22.59,13586400,19.53
2012-07-25,21.85,22.26,21.78,22.08,15022000,19.09
2012-07-24,21.86,21.98,21.55,21.75,15480400,18.80
2012-07-23,21.56,21.87,21.41,21.82,15771300,18.86
2012-07-20,22.37,22.42,21.97,21.99,20919600,19.01
2012-07-19,22.58,22.84,22.37,22.40,15669700,19.36
2012-07-18,22.16,22.47,22.11,22.37,12948000,19.34
2012-07-17,22.05,22.29,21.68,22.29,14477100,19.27
2012-07-16,21.85,21.96,21.64,21.85,10129200,18.89
2012-07-13,21.62,22.07,21.50,21.95,12004800,18.97
2012-07-12,21.55,21.77,21.28,21.56,20370300,18.64
2012-07-11,21.85,21.96,21.54,21.69,14535800,18.75
2012-07-10,22.07,22.20,21.74,21.86,12654600,18.90
2012-07-09,22.08,22.16,21.79,21.92,22553800,18.95
2012-07-06,22.36,22.46,22.05,22.13,20926200,19.13
2012-07-05,22.45,22.63,22.29,22.44,17144700,19.40
2012-07-03,22.80,22.94,22.65,22.73,9634900,19.65
2012-07-02,22.30,22.86,22.25,22.85,27386000,19.75
2012-06-29,22.28,22.34,21.88,22.29,47950000,19.27
2012-06-28,22.07,22.23,21.78,21.99,48106200,19.01
2012-06-27,21.64,22.73,21.61,22.31,70563500,19.29
2012-06-26,21.31,21.89,21.20,21.76,83482600,18.81
2012-06-25,20.16,20.20,19.98,20.09,13059300,17.37
2012-06-22,20.20,20.45,20.07,20.36,26980000,17.60
2012-06-21,20.49,20.61,20.13,20.16,14715700,17.43
2012-06-20,20.27,20.57,20.22,20.48,14217500,17.70
2012-06-19,20.19,20.37,20.08,20.24,13221000,17.50
2012-06-18,20.06,20.21,19.85,20.09,10997600,17.37
2012-06-15,19.93,20.10,19.77,20.07,31824400,17.35
2012-06-14,19.56,20.00,19.51,19.86,22095200,17.17
2012-06-13,19.60,19.79,19.39,19.57,21049200,16.92
2012-06-12,19.28,19.70,19.13,19.70,18271200,17.03
2012-06-11,19.72,19.73,19.10,19.14,13205200,16.55
2012-06-08,19.24,19.50,19.03,19.44,19664400,16.80
2012-06-07,19.60,19.74,19.24,19.29,15234100,16.68
2012-06-06,18.70,19.44,18.69,19.40,32046200,16.77
2012-06-05,18.53,18.75,18.48,18.61,18452800,16.09
2012-06-04,18.42,18.68,18.32,18.59,22517000,16.07
2012-06-01,18.91,19.03,18.54,18.55,26868500,16.04
2012-05-31,19.36,19.45,19.12,19.20,24098200,16.60
2012-05-30,19.53,19.72,19.30,19.40,18359200,16.77
2012-05-29,19.60,19.81,19.45,19.69,15151100,17.02
2012-05-25,19.46,19.57,19.32,19.43,11882100,16.80
2012-05-24,19.19,19.52,19.12,19.38,16389800,16.75
2012-05-23,19.25,19.40,18.94,19.18,27054800,16.58
2012-05-22,19.56,19.74,19.31,19.54,19188900,16.89
2012-05-21,19.24,19.53,19.03,19.50,19310400,16.86
2012-05-18,19.54,19.54,19.21,19.27,20320500,16.66
2012-05-17,19.69,19.79,19.46,19.46,18714600,16.82
2012-05-16,19.97,20.15,19.73,19.73,19211900,17.06
2012-05-15,20.10,20.31,19.89,19.93,16956300,17.23
2012-05-14,20.02,20.50,19.89,20.14,20991200,17.41
2012-05-11,20.24,20.70,20.15,20.22,20619800,17.48
2012-05-10,20.00,20.62,19.98,20.32,37975700,17.57
2012-05-09,19.10,19.49,18.89,19.38,28076000,16.75
2012-05-08,19.16,19.39,19.07,19.33,13303700,16.71
2012-05-07,19.10,19.50,19.01,19.40,15559500,16.77
2012-05-04,19.53,19.67,19.18,19.18,18350700,16.58
2012-05-03,19.77,19.89,19.63,19.71,13911000,17.04
2012-05-02,19.72,19.96,19.56,19.89,11531400,17.19
2012-05-01,19.55,20.00,19.55,19.79,17185900,17.11
2012-04-30,19.49,19.63,19.41,19.61,13241400,16.95
2012-04-27,19.72,19.72,19.47,19.58,15270300,16.93
2012-04-26,19.23,19.72,19.14,19.61,20063300,16.95
2012-04-25,19.29,19.50,19.18,19.27,14924900,16.66
2012-04-24,19.08,19.39,19.05,19.23,13598700,16.62
2012-04-23,18.88,19.02,18.65,18.98,19664900,16.41
2012-04-20,18.99,19.30,18.97,19.01,16698100,16.43
2012-04-19,19.18,19.25,18.86,18.89,21659100,16.33
2012-04-18,19.28,19.41,19.15,19.27,7350700,16.66
2012-04-17,19.30,19.52,19.22,19.39,10529700,16.76
2012-04-16,19.23,19.23,18.96,19.12,15064200,16.53
2012-04-13,19.25,19.38,19.13,19.15,11033400,16.55
2012-04-12,18.98,19.36,18.91,19.35,15874200,16.73
2012-04-11,18.90,19.06,18.78,18.85,9710000,16.29
2012-04-10,18.96,19.10,18.65,18.66,16581000,16.13
2012-04-09,19.11,19.23,18.87,19.03,18495900,16.45
2012-04-05,19.31,19.54,19.16,19.49,19580900,16.85
2012-04-04,19.81,19.83,19.37,19.42,15613300,16.79
2012-04-03,19.76,20.18,19.74,19.94,19282200,17.24
2012-04-02,19.63,20.01,19.52,19.92,12370100,17.22
2012-03-30,19.60,19.82,19.36,19.71,31927700,17.04
2012-03-29,19.54,19.60,19.31,19.44,25618200,16.80
2012-03-28,20.07,20.17,19.71,19.74,17453800,17.06
2012-03-27,20.29,20.40,20.21,20.25,12207200,17.51
2012-03-26,19.99,20.21,19.88,20.19,19955000,17.45
2012-03-23,19.77,19.84,19.48,19.79,12667900,17.11
2012-03-22,19.78,19.89,19.66,19.72,12535900,17.05
2012-03-21,19.85,20.03,19.80,19.97,9959500,17.26
2012-03-20,19.92,19.98,19.78,19.88,11910100,17.19
2012-03-19,19.93,20.33,19.88,20.12,10793000,17.39
2012-03-16,20.06,20.21,20.01,20.01,27428000,17.30
2012-03-15,20.26,20.38,20.03,20.19,23902500,17.45
2012-03-14,19.91,20.03,19.74,20.02,18014700,17.31
2012-03-13,19.56,19.98,19.49,19.96,14770900,17.25
2012-03-12,19.73,19.84,19.45,19.46,9382400,16.82
2012-03-09,19.64,20.02,19.57,19.83,13983000,17.07
2012-03-08,19.54,19.73,19.44,19.61,10832700,16.88
2012-03-07,19.14,19.49,19.07,19.43,10006300,16.72
2012-03-06,19.31,19.31,18.92,19.11,21153900,16.45
2012-03-05,19.72,19.74,19.39,19.49,14710400,16.78
2012-03-02,19.72,20.03,19.61,19.81,14522800,17.05
2012-03-01,19.89,20.03,19.78,19.97,17307700,17.19
2012-02-29,19.88,20.36,19.82,19.87,40551700,17.10
2012-02-28,19.49,19.96,19.35,19.81,24431100,17.05
2012-02-27,19.62,19.69,19.27,19.49,13654600,16.78
2012-02-24,19.65,19.84,19.47,19.56,15664300,16.84
2012-02-23,19.32,19.67,19.23,19.65,16780400,16.91
2012-02-22,19.49,19.61,19.23,19.30,14063900,16.61
2012-02-21,19.64,19.74,19.43,19.54,12367600,16.82
2012-02-17,19.01,19.65,18.98,19.60,29127400,16.87
2012-02-16,18.92,19.12,18.78,19.01,22837900,16.36
2012-02-15,19.22,19.29,18.80,18.84,17382300,16.22
2012-02-14,19.34,19.41,18.96,19.15,22085300,16.48
2012-02-13,19.31,19.49,19.24,19.41,27964500,16.71
2012-02-10,19.13,19.22,19.05,19.18,17255500,16.51
2012-02-09,19.45,19.64,19.08,19.21,38241600,16.53
2012-02-08,19.43,19.75,19.39,19.62,29720800,16.89
2012-02-07,19.50,19.71,19.33,19.50,12842300,16.78
2012-02-06,19.22,19.57,19.22,19.56,17635600,16.84
2012-02-03,19.20,19.33,19.13,19.28,16547200,16.60
2012-02-02,19.20,19.26,18.77,18.94,17743300,16.30
2012-02-01,18.95,19.34,18.91,19.22,16888900,16.54
2012-01-31,19.13,19.31,18.83,18.83,20343500,16.21
2012-01-30,18.69,19.13,18.58,19.09,20612000,16.43
2012-01-27,18.83,18.96,18.73,18.88,14082100,16.25
2012-01-26,18.94,18.99,18.69,18.82,24932700,16.20
2012-01-25,18.94,19.00,18.74,18.78,28290900,16.16
2012-01-24,19.09,19.21,18.89,19.07,13559400,16.41
2012-01-23,19.08,19.31,18.97,19.21,12709800,16.53
2012-01-20,19.79,19.79,19.08,19.19,22707100,16.52
2012-01-19,19.32,19.74,19.28,19.73,21538600,16.98
2012-01-18,19.05,19.42,19.00,19.28,19234200,16.60
2012-01-17,19.01,19.09,18.87,19.02,18722100,16.37
2012-01-13,18.83,18.86,18.47,18.61,10034700,16.02
2012-01-12,18.87,18.96,18.68,18.89,13851700,16.26
2012-01-11,18.65,18.86,18.59,18.80,15741700,16.18
2012-01-10,18.57,18.84,18.51,18.65,17905900,16.05
2012-01-09,18.32,18.42,18.22,18.35,12065900,15.79
2012-01-06,18.50,18.66,18.29,18.30,17279400,15.75
2012-01-05,18.21,18.52,18.01,18.49,20788600,15.92
2012-01-04,18.32,18.39,18.14,18.22,20148800,15.68
2012-01-03,18.23,18.50,18.22,18.35,25818600,15.79
2011-12-30,17.88,17.95,17.78,17.84,8156700,15.36
2011-12-29,17.70,17.90,17.56,17.87,18140300,15.38
2011-12-28,17.75,17.76,17.38,17.45,13124500,15.02
2011-12-27,17.57,17.81,17.53,17.75,6710400,15.28
2011-12-23,17.44,17.62,17.39,17.62,6793600,15.17
2011-12-22,17.38,17.47,17.20,17.36,13787400,14.94
2011-12-21,17.23,17.45,17.15,17.40,18822600,14.98
2011-12-20,17.02,17.23,16.92,17.18,22984800,14.79
2011-12-19,17.09,17.15,16.68,16.75,14679200,14.42
2011-12-16,17.18,17.44,16.98,16.98,47153300,14.62
2011-12-15,17.38,17.41,17.02,17.05,19439100,14.68
2011-12-14,17.13,17.30,16.95,17.14,21158500,14.75
2011-12-13,17.58,17.75,17.17,17.26,17688900,14.86
2011-12-12,17.50,17.51,17.25,17.45,18471400,15.02
2011-12-09,17.28,17.67,17.24,17.56,15756000,15.11
2011-12-08,17.64,17.65,17.12,17.15,20026800,14.76
2011-12-07,17.72,17.87,17.37,17.69,23514300,15.23
2011-12-06,17.77,17.99,17.70,17.86,15986600,15.37
2011-12-05,17.99,18.00,17.58,17.71,16655100,15.24
2011-12-02,17.75,17.92,17.59,17.60,10925100,15.15
2011-12-01,17.53,17.69,17.33,17.56,18139900,15.11
2011-11-30,17.01,17.45,17.01,17.44,24305100,15.01
2011-11-29,16.50,16.78,16.44,16.54,16797800,14.24
2011-11-28,16.36,16.65,16.33,16.50,14663000,14.20
2011-11-25,15.93,16.22,15.93,15.97,5565400,13.75
2011-11-23,16.20,16.30,15.94,16.03,17925100,13.80
2011-11-22,16.24,16.49,16.17,16.41,21470300,14.12
2011-11-21,16.17,16.39,16.00,16.29,28909100,14.02
2011-11-18,16.67,16.75,16.30,16.32,34883400,14.05
2011-11-17,16.76,16.94,16.51,16.61,24989900,14.30
2011-11-16,17.09,17.26,16.77,16.79,23650900,14.45
2011-11-15,16.99,17.57,16.99,17.45,16214300,15.02
2011-11-14,17.04,17.12,16.92,17.08,16216000,14.70
2011-11-11,17.06,17.31,16.99,17.17,19757000,14.78
2011-11-10,16.70,16.90,16.37,16.82,18756900,14.48
2011-11-09,16.79,16.88,16.35,16.44,24713500,14.15
2011-11-08,17.09,17.26,16.70,17.22,31986000,14.82
2011-11-07,16.81,17.02,16.68,16.95,28460200,14.59
2011-11-04,16.77,16.88,16.55,16.80,19475400,14.46
2011-11-03,17.44,17.47,16.73,16.88,54467700,14.53
2011-11-02,16.90,17.07,16.60,16.90,38584500,14.55
2011-11-01,16.95,17.01,16.64,16.69,27465000,14.37
2011-10-31,17.63,17.71,17.48,17.52,20400300,15.08
2011-10-28,17.82,17.93,17.57,17.80,17768500,15.32
2011-10-27,17.27,17.98,17.24,17.84,41099500,15.36
2011-10-26,17.03,17.18,16.73,16.87,32249300,14.52
2011-10-25,17.31,17.33,16.83,16.88,25493800,14.53
2011-10-24,17.28,17.45,17.19,17.40,27006100,14.98
2011-10-21,17.03,17.20,16.67,17.20,30172100,14.80
2011-10-20,16.75,17.01,16.46,16.85,25665900,14.50
2011-10-19,17.02,17.24,16.58,16.70,27463600,14.37
2011-10-18,16.95,17.24,16.78,17.03,36263600,14.66
2011-10-17,17.07,17.17,16.73,16.88,18369100,14.53
2011-10-14,17.29,17.50,17.13,17.18,18613100,14.79
2011-10-13,16.92,17.23,16.78,17.12,15213900,14.74
2011-10-12,17.00,17.37,16.95,17.09,23450900,14.71
2011-10-11,16.86,17.06,16.67,16.81,17209400,14.47
2011-10-10,16.52,16.94,16.48,16.93,17657700,14.57
2011-10-07,16.03,16.44,16.02,16.25,34704200,13.99
2011-10-06,15.96,15.99,15.71,15.97,23491600,13.75
2011-10-05,15.55,16.00,15.40,15.98,28527500,13.75
2011-10-04,14.72,15.55,14.72,15.54,35023000,13.38
2011-10-03,15.33,15.72,15.00,15.01,32740800,12.92
2011-09-30,15.70,15.85,15.47,15.48,25307500,13.32
2011-09-29,16.19,16.41,15.65,15.93,27003600,13.71
2011-09-28,16.54,16.67,15.87,15.92,25814600,13.70
2011-09-27,16.65,16.90,16.36,16.48,21470400,14.18
2011-09-26,16.21,16.36,15.83,16.34,46634700,14.06
2011-09-23,15.52,16.23,15.32,16.11,39456500,13.87
2011-09-22,15.74,16.04,15.35,15.60,43146000,13.43
2011-09-21,16.74,16.83,16.11,16.13,31740300,13.88
2011-09-20,16.97,17.33,16.75,16.82,32264700,14.48
2011-09-19,16.57,17.01,16.46,16.89,22196000,14.54
2011-09-16,16.49,17.02,16.29,16.96,32851900,14.60
2011-09-15,16.32,16.49,16.27,16.38,38304000,14.10
2011-09-14,16.00,16.40,15.84,16.20,45007300,13.94
2011-09-13,16.15,16.53,16.07,16.19,36478900,13.94
2011-09-12,15.73,16.20,15.70,16.18,31946800,13.93
2011-09-09,16.18,16.41,15.76,16.03,34381500,13.72
2011-09-08,16.48,16.66,16.23,16.32,29611000,13.96
2011-09-07,16.59,16.70,16.47,16.64,24063700,14.24
2011-09-06,15.81,16.38,15.71,16.33,28877300,13.97
2011-09-02,16.49,16.73,16.22,16.27,31415300,13.92
2011-09-01,17.30,17.31,16.80,16.81,30478900,14.38
2011-08-31,17.12,17.50,17.07,17.27,29055900,14.78
2011-08-30,17.04,17.30,16.86,17.12,35167000,14.65
2011-08-29,17.10,17.33,16.96,17.33,20503500,14.83
2011-08-26,16.53,16.99,16.11,16.87,25114500,14.43
2011-08-25,16.86,17.26,16.45,16.52,29931600,14.14
2011-08-24,16.28,16.89,16.20,16.84,37536700,14.41
2011-08-23,15.65,16.41,15.55,16.37,34097300,14.01
2011-08-22,15.84,15.86,15.42,15.51,36180400,13.27
2011-08-19,15.92,16.28,15.51,15.56,62802600,13.31
2011-08-18,16.19,16.42,15.98,16.19,46760000,13.85
2011-08-17,17.14,17.27,16.91,17.03,40372400,14.57
2011-08-16,16.74,17.57,16.63,17.14,53059700,14.67
2011-08-15,16.32,16.95,16.25,16.91,44277800,14.47
2011-08-12,15.93,16.77,15.85,16.23,58928200,13.89
2011-08-11,15.00,16.51,14.98,16.19,100175800,13.85
2011-08-10,13.90,14.56,13.55,13.71,65739200,11.73
2011-08-09,13.83,14.55,13.38,14.55,48235600,12.45
2011-08-08,14.17,14.35,13.61,13.62,72960400,11.65
2011-08-05,14.64,14.92,14.11,14.67,57442700,12.55
2011-08-04,15.13,15.85,14.55,14.56,54571000,12.46
2011-08-03,15.32,15.65,15.15,15.61,48620100,13.36
2011-08-02,15.96,16.04,15.26,15.29,49428700,13.08
2011-08-01,15.95,16.21,15.62,16.10,40050800,13.78
2011-07-29,15.93,16.11,15.76,16.02,37441800,13.71
2011-07-28,16.04,16.46,15.94,16.11,26361300,13.78
2011-07-27,15.99,16.18,15.87,16.00,26959400,13.69
2011-07-26,16.24,16.24,15.88,16.16,38324600,13.83
2011-07-25,16.12,16.34,16.08,16.22,24212500,13.88
2011-07-22,16.09,16.46,16.02,16.42,35849600,14.05
2011-07-21,16.24,16.65,16.21,16.48,59512900,14.10
2011-07-20,16.00,16.40,15.81,15.93,40151500,13.63
2011-07-19,15.27,16.03,15.22,15.79,75272500,13.51
2011-07-18,15.11,15.27,14.76,14.97,70664600,12.81
2011-07-15,15.36,15.80,14.89,15.64,86375400,13.38
2011-07-14,15.98,16.13,15.20,15.44,85359000,13.21
2011-07-13,15.35,16.50,15.30,15.93,166687100,13.63
2011-07-12,15.97,16.04,15.20,15.35,154479300,13.13
2011-07-11,16.25,16.29,15.44,15.48,101056200,13.25
2011-07-08,17.06,17.21,16.56,16.75,44295800,14.33
2011-07-07,17.53,17.80,17.39,17.43,43465600,14.91
2011-07-06,17.70,17.75,17.09,17.47,50293900,14.95
2011-07-05,17.90,18.20,17.84,18.13,16089300,15.51
2011-07-01,17.74,18.07,17.58,18.06,14798100,15.45
2011-06-30,17.52,17.76,17.41,17.70,14190700,15.14
2011-06-29,17.18,17.58,17.00,17.39,21781100,14.88
2011-06-28,16.96,17.20,16.82,17.18,12647600,14.70
2011-06-27,16.67,17.04,16.52,16.92,12841600,14.48
2011-06-24,16.63,16.80,16.48,16.74,28344300,14.32
2011-06-23,16.37,16.65,16.20,16.62,22185800,14.22
2011-06-22,16.55,16.91,16.50,16.72,18179800,14.31
2011-06-21,16.24,16.73,16.13,16.65,13600100,14.25
2011-06-20,16.02,16.27,15.99,16.19,11437700,13.85
2011-06-17,16.28,16.35,16.02,16.05,21455700,13.73
2011-06-16,16.21,16.36,15.96,16.07,19124500,13.75
2011-06-15,16.24,16.34,15.95,16.23,29046600,13.89
2011-06-14,16.41,16.50,16.33,16.38,14279700,14.02
2011-06-13,16.41,16.49,16.15,16.25,15645300,13.90
2011-06-10,16.70,16.74,16.29,16.38,18340700,14.02
2011-06-09,16.73,16.90,16.56,16.80,9613200,14.37
2011-06-08,16.65,16.81,16.60,16.67,14815700,14.26
2011-06-07,17.05,17.17,16.71,16.73,23739800,14.31
2011-06-06,17.12,17.16,16.99,17.01,16217000,14.55
2011-06-03,17.34,17.46,17.13,17.18,20144300,14.70
2011-06-02,17.60,17.79,17.52,17.58,17427700,15.04
2011-06-01,18.28,18.35,17.58,17.65,18293500,15.10
2011-05-31,18.00,18.35,18.00,18.34,19741100,15.69
2011-05-27,17.63,18.07,17.58,17.98,16760700,15.38
2011-05-26,17.09,17.74,17.03,17.64,28414400,15.09
2011-05-25,16.98,17.27,16.95,17.18,15309900,14.70
2011-05-24,17.10,17.16,16.96,17.05,18867600,14.59
2011-05-23,17.22,17.29,17.02,17.09,15282000,14.62
2011-05-20,17.68,17.68,17.37,17.48,14529500,14.96
2011-05-19,17.61,17.96,17.53,17.70,16704300,15.14
2011-05-18,17.13,17.54,17.10,17.51,16195700,14.98
2011-05-17,17.19,17.24,16.99,17.23,11990500,14.74
2011-05-16,17.27,17.44,17.12,17.22,19053100,14.73
2011-05-13,17.57,17.63,17.28,17.45,15460900,14.93
2011-05-12,17.38,17.53,17.09,17.52,16300800,14.99
2011-05-11,17.70,17.74,17.32,17.50,17546000,14.97
2011-05-10,17.53,17.85,17.43,17.79,12096800,15.22
2011-05-09,17.54,17.66,17.42,17.46,12889700,14.94
2011-05-06,17.72,17.81,17.44,17.51,18128100,14.98
2011-05-05,16.76,17.63,16.75,17.35,33043500,14.85
2011-05-04,17.49,17.86,17.18,17.34,20022200,14.84
2011-05-03,17.86,18.01,17.43,17.52,16866800,14.99
2011-05-02,17.81,18.13,17.77,17.84,16612400,15.26
2011-04-29,18.03,18.10,17.82,17.82,16958300,15.25
2011-04-28,17.73,18.11,17.69,18.04,12338800,15.44
2011-04-27,17.73,17.81,17.54,17.75,9479200,15.19
2011-04-26,17.55,17.76,17.33,17.72,9622000,15.16
2011-04-25,17.59,17.80,17.41,17.46,10355400,14.94
2011-04-21,17.32,17.48,17.14,17.48,11747600,14.96
2011-04-20,17.14,17.44,17.08,17.29,15378800,14.79
2011-04-19,17.04,17.04,16.78,16.87,10517700,14.43
2011-04-18,17.06,17.12,16.83,16.98,17611900,14.53
2011-04-15,16.94,17.46,16.91,17.40,17187300,14.89
2011-04-14,17.04,17.09,16.81,16.98,13929900,14.53
2011-04-13,17.22,17.59,17.00,17.20,20466400,14.72
2011-04-12,17.14,17.15,16.83,17.11,15474200,14.64
2011-04-11,17.24,17.37,17.10,17.26,10339200,14.77
2011-04-08,17.29,17.36,16.98,17.17,13378200,14.69
2011-04-07,17.45,17.54,17.02,17.29,20700700,14.79
2011-04-06,17.94,17.94,17.38,17.56,17900600,15.03
2011-04-05,17.99,18.06,17.76,17.77,23940200,15.20
2011-04-04,17.84,18.05,17.80,18.02,16897100,15.42
2011-04-01,17.72,18.10,17.68,17.96,17729800,15.37
2011-03-31,17.45,17.71,17.30,17.58,18616800,15.04
2011-03-30,17.36,17.63,17.27,17.51,11353000,14.98
2011-03-29,17.08,17.27,16.98,17.26,12224000,14.77
2011-03-28,17.15,17.32,17.03,17.09,14766700,14.62
2011-03-25,17.09,17.16,16.87,17.02,15056200,14.56
2011-03-24,16.84,17.06,16.64,16.94,16101500,14.49
2011-03-23,16.58,16.87,16.36,16.78,13672200,14.36
2011-03-22,16.93,16.98,16.63,16.72,14306200,14.31
2011-03-21,16.60,16.99,16.43,16.91,13815900,14.47
2011-03-18,16.51,16.60,16.26,16.33,20110900,13.97
2011-03-17,16.50,16.63,16.26,16.29,17457000,13.94
2011-03-16,16.17,16.55,16.00,16.21,25865800,13.87
2011-03-15,16.14,16.58,16.07,16.42,16179300,14.05
2011-03-14,16.84,16.91,16.44,16.83,15134500,14.40
2011-03-11,16.67,17.10,16.62,17.06,14060900,14.53
2011-03-10,16.63,17.03,16.39,16.79,21207600,14.30
2011-03-09,17.25,17.30,16.99,17.10,12287200,14.57
2011-03-08,17.28,17.34,16.87,17.28,14452200,14.72
2011-03-07,17.68,17.76,17.11,17.21,19562200,14.66
2011-03-04,17.61,18.06,17.42,17.60,21958800,14.99
2011-03-03,17.43,18.11,17.43,17.64,26639000,15.03
2011-03-02,16.99,17.48,16.88,17.36,20336400,14.79
2011-03-01,17.44,17.64,17.03,17.04,21163000,14.52
2011-02-28,17.35,17.54,17.30,17.37,15479500,14.80
2011-02-25,16.95,17.52,16.88,17.32,20202100,14.75
2011-02-24,16.53,16.85,16.25,16.76,17260800,14.28
2011-02-23,16.75,16.82,16.37,16.56,18055700,14.11
2011-02-22,17.19,17.30,16.61,16.74,33416600,14.26
2011-02-18,17.43,17.71,17.30,17.71,15306600,15.09
2011-02-17,17.22,17.43,16.96,17.43,13096500,14.85
2011-02-16,17.25,17.35,17.02,17.32,13769300,14.75
2011-02-15,16.82,17.32,16.75,17.11,18218100,14.58
2011-02-14,17.17,17.17,16.79,16.92,21080600,14.41
2011-02-11,16.59,17.57,16.48,17.40,27178600,14.82
2011-02-10,16.59,16.91,16.55,16.76,20764200,14.28
2011-02-09,16.86,17.13,16.75,16.91,19136900,14.41
2011-02-08,16.56,16.92,16.53,16.91,12171200,14.41
2011-02-07,16.75,16.89,16.58,16.59,23723300,14.13
2011-02-04,16.85,16.91,16.69,16.88,22298400,14.38
2011-02-03,16.25,17.05,16.15,16.96,33049300,14.45
2011-02-02,15.51,16.00,15.51,16.00,22096900,13.63
2011-02-01,15.13,15.61,15.11,15.59,17253400,13.28
2011-01-31,15.07,15.27,14.95,15.02,17684400,12.80
2011-01-28,15.64,15.77,14.99,15.08,24196900,12.85
2011-01-27,15.50,15.72,15.25,15.59,17577400,13.28
2011-01-26,15.76,15.82,15.52,15.54,12818800,13.24
2011-01-25,15.59,15.66,15.42,15.65,18959300,13.33
2011-01-24,15.22,15.96,15.22,15.77,39382600,13.43
2011-01-21,14.75,15.45,14.56,15.32,31919300,13.05
2011-01-20,14.19,14.72,14.18,14.66,26015800,12.49
2011-01-19,14.29,14.43,14.18,14.23,16988700,12.12
2011-01-18,14.34,14.48,14.16,14.37,25433300,12.24
2011-01-14,14.11,14.20,13.94,14.17,27207100,12.07
2011-01-13,14.41,14.44,14.10,14.13,19841300,12.04
2011-01-12,14.43,14.47,14.25,14.36,19988700,12.23
2011-01-11,14.49,14.66,14.25,14.41,23007300,12.28
2011-01-10,14.53,14.68,14.40,14.62,9767300,12.45
2011-01-07,14.88,14.94,14.46,14.68,11303100,12.51
2011-01-06,14.91,14.96,14.73,14.81,14885800,12.62
2011-01-05,14.84,15.02,14.77,14.85,13400100,12.65
2011-01-04,14.68,15.10,14.63,14.99,17510300,12.77
2011-01-03,14.75,14.91,14.71,14.76,13742100,12.57
2010-12-31,14.47,14.61,14.40,14.56,5780200,12.40
2010-12-30,14.60,14.64,14.40,14.49,10431600,12.34
2010-12-29,14.61,14.94,14.54,14.57,13698800,12.41
2010-12-28,14.56,14.67,14.37,14.55,10265800,12.39
2010-12-27,14.71,14.74,14.50,14.60,8701100,12.44
2010-12-23,14.95,14.96,14.73,14.82,5456000,12.62
2010-12-22,14.55,14.99,14.53,14.95,11632300,12.74
2010-12-21,14.47,14.56,14.40,14.49,8846100,12.34
2010-12-20,14.51,14.56,14.40,14.43,9433600,12.29
2010-12-17,14.40,14.53,14.33,14.50,20815200,12.35
2010-12-16,14.40,14.54,14.35,14.44,11174100,12.30
2010-12-15,14.40,14.45,14.24,14.39,13362100,12.26
2010-12-14,14.30,14.57,14.28,14.40,12853700,12.27
2010-12-13,14.66,14.66,14.33,14.34,10176500,12.22
2010-12-10,14.41,14.68,14.28,14.60,10648400,12.44
2010-12-09,14.37,14.46,14.22,14.30,6775500,12.18
2010-12-08,14.33,14.48,14.24,14.28,11659200,12.16
2010-12-07,14.47,14.47,14.23,14.36,13541200,12.23
2010-12-06,14.32,14.32,14.07,14.22,8028700,12.11
2010-12-03,14.31,14.37,14.16,14.31,12508000,12.19
2010-12-02,14.03,14.38,13.99,14.32,12711900,12.20
2010-12-01,13.86,14.16,13.82,14.07,20298900,11.99
2010-11-30,13.66,13.78,13.56,13.64,24321500,11.62
2010-11-29,13.71,13.94,13.51,13.88,17292800,11.82
2010-11-26,13.93,14.02,13.88,13.96,3969300,11.89
2010-11-24,13.91,14.14,13.82,14.07,11894600,11.99
2010-11-23,14.00,14.05,13.69,13.74,13060400,11.70
2010-11-22,14.05,14.25,13.95,14.21,10144500,12.11
2010-11-19,14.33,14.36,14.12,14.18,17178100,12.08
2010-11-18,14.49,14.55,14.27,14.39,16773400,12.26
2010-11-17,14.22,14.30,14.15,14.26,26044000,12.15
2010-11-16,14.26,14.32,14.09,14.25,27695000,12.14
2010-11-15,14.49,14.54,14.33,14.38,10353800,12.25
2010-11-12,14.40,14.57,14.27,14.35,28297200,12.22
2010-11-11,14.32,14.57,14.28,14.55,20043100,12.39
2010-11-10,14.19,14.51,14.18,14.45,19626000,12.31
2010-11-09,14.37,14.40,14.21,14.28,16008400,12.16
2010-11-08,14.40,14.59,14.23,14.33,16262300,12.21
2010-11-05,14.73,14.77,14.42,14.50,15753200,12.35
2010-11-04,15.11,15.21,14.66,14.75,25654200,12.57
2010-11-03,14.67,14.91,14.48,14.84,19162700,12.64
2010-11-02,14.68,14.81,14.54,14.61,13503100,12.45
2010-11-01,14.54,14.95,14.39,14.51,15552000,12.36
2010-10-29,14.45,14.55,14.25,14.48,17209000,12.34
2010-10-28,14.50,14.59,14.37,14.49,12288100,12.34
2010-10-27,14.01,14.36,14.01,14.32,13505400,12.20
2010-10-26,14.14,14.35,14.09,14.31,23178100,12.19
2010-10-25,14.49,14.64,14.23,14.25,20644100,12.14
2010-10-22,14.54,14.64,14.31,14.40,11207400,12.27
2010-10-21,14.56,14.86,14.33,14.47,21031700,12.33
2010-10-20,14.07,14.60,14.03,14.56,26078500,12.40
2010-10-19,13.88,13.98,13.69,13.96,36911500,11.89
2010-10-18,14.12,14.14,13.94,14.02,12010800,11.94
2010-10-15,14.25,14.29,13.91,14.19,18614200,12.09
2010-10-14,14.14,14.27,13.93,14.08,17769300,11.99
2010-10-13,14.00,14.39,13.91,14.17,26437800,12.07
2010-10-12,13.75,13.98,13.59,13.92,14393300,11.86
2010-10-11,13.94,13.96,13.72,13.83,14226100,11.78
2010-10-08,13.68,13.95,13.57,13.88,24449900,11.82
2010-10-07,13.57,13.75,13.31,13.63,32605400,11.61
2010-10-06,13.56,13.65,13.32,13.48,19778900,11.48
2010-10-05,13.28,13.58,13.17,13.55,22128100,11.54
2010-10-04,13.18,13.25,12.88,12.97,19335600,11.05
2010-10-01,13.22,13.32,12.98,13.24,17299900,11.28
2010-09-30,13.38,13.47,12.97,13.06,36484000,11.13
2010-09-29,13.64,13.68,13.14,13.19,32097600,11.24
2010-09-28,13.67,13.73,13.35,13.61,21275700,11.59
2010-09-27,13.98,14.01,13.57,13.59,19130800,11.58
2010-09-24,13.70,14.09,13.63,13.99,19202300,11.92
2010-09-23,13.37,13.77,13.32,13.46,20939700,11.47
2010-09-22,13.93,14.08,13.42,13.50,23664600,11.50
2010-09-21,14.03,14.04,13.67,13.82,18788300,11.77
2010-09-20,13.64,14.04,13.59,13.99,20338500,11.92
2010-09-17,13.66,13.71,13.46,13.53,24543100,11.53
2010-09-16,13.67,13.78,13.37,13.54,15083900,11.53
2010-09-15,13.76,13.81,13.66,13.74,14114200,11.70
2010-09-14,13.71,13.88,13.63,13.81,21626000,11.76
2010-09-13,13.72,13.88,13.53,13.82,27248900,11.77
2010-09-10,13.53,13.61,13.35,13.51,11090900,11.51
2010-09-09,13.41,13.54,13.30,13.42,10869900,11.43
2010-09-08,13.11,13.33,13.05,13.18,13777000,11.23
2010-09-07,13.40,13.41,13.01,13.06,14011200,11.13
2010-09-03,13.31,13.46,13.24,13.46,13081100,11.47
2010-09-02,13.07,13.26,13.01,13.26,12220500,11.23
2010-09-01,12.75,13.18,12.75,13.00,27725800,11.01
2010-08-31,12.21,12.58,12.01,12.56,27035400,10.64
2010-08-30,12.18,12.49,12.18,12.31,17880000,10.43
2010-08-27,12.40,12.41,11.94,12.36,17682600,10.47
2010-08-26,12.15,12.32,12.06,12.10,20794200,10.25
2010-08-25,12.04,12.17,11.91,12.11,26175100,10.26
2010-08-24,12.41,12.41,12.07,12.13,29415900,10.27
2010-08-23,12.84,12.97,12.47,12.48,12755900,10.57
2010-08-20,12.77,12.79,12.49,12.73,17619800,10.78
2010-08-19,13.03,13.07,12.56,12.78,17135900,10.83
2010-08-18,13.06,13.29,12.82,13.15,11754800,11.14
2010-08-17,13.08,13.31,12.98,13.08,11856900,11.08
2010-08-16,12.79,13.05,12.66,12.97,10162300,10.99
2010-08-13,13.15,13.16,12.93,12.95,14854100,10.97
2010-08-12,13.15,13.26,13.06,13.14,14506500,11.13
2010-08-11,13.59,13.61,13.17,13.39,20742700,11.34
2010-08-10,13.99,14.10,13.77,13.93,21863700,11.80
2010-08-09,14.19,14.23,14.02,14.12,12008000,11.96
2010-08-06,14.07,14.32,13.81,14.10,19943900,11.94
2010-08-05,14.58,14.86,14.21,14.35,40446000,12.16
2010-08-04,13.67,13.92,13.67,13.85,23904200,11.73
2010-08-03,13.53,13.69,13.18,13.63,21777100,11.55
2010-08-02,13.36,13.69,13.23,13.66,26785200,11.57
2010-07-30,12.74,13.16,12.48,13.05,21153400,11.05
2010-07-29,13.15,13.37,12.78,12.96,18402400,10.98
2010-07-28,13.08,13.16,12.79,12.98,20877800,10.99
2010-07-27,13.51,13.52,13.08,13.16,18820200,11.15
2010-07-26,13.24,13.45,13.15,13.37,14060400,11.33
2010-07-23,12.89,13.33,12.89,13.25,13156300,11.22
2010-07-22,12.80,13.19,12.75,12.97,22965100,10.99
2010-07-21,13.16,13.27,12.58,12.60,32567700,10.67
2010-07-20,12.70,13.19,12.55,13.17,18713800,11.16
2010-07-19,12.52,12.88,12.51,12.87,16593500,10.90
2010-07-16,13.19,13.27,12.47,12.50,21006400,10.59
2010-07-15,13.24,13.32,12.97,13.16,17889200,11.15
2010-07-14,13.23,13.30,13.01,13.19,15049300,11.17
2010-07-13,13.07,13.35,12.98,13.24,11971500,11.22
2010-07-12,12.80,13.03,12.70,12.99,18014400,11.00
2010-07-09,12.62,12.85,12.59,12.85,11426600,10.88
2010-07-08,12.46,12.62,12.39,12.61,15642600,10.68
2010-07-07,11.89,12.45,11.66,12.39,25461100,10.50
2010-07-06,11.97,12.43,11.92,12.15,35559400,10.29
2010-07-02,11.96,11.97,11.65,11.82,17162500,10.01
2010-07-01,11.96,12.04,11.61,11.91,29409800,10.09
2010-06-30,12.19,12.32,11.94,11.96,23448300,10.13
2010-06-29,12.58,12.59,12.04,12.21,28212700,10.34
2010-06-28,12.67,12.77,12.56,12.67,23754700,10.73
2010-06-25,12.72,12.74,12.45,12.57,37246000,10.65
2010-06-24,13.32,13.37,12.54,12.69,32866900,10.75
2010-06-23,13.58,13.58,13.27,13.44,23805800,11.38
2010-06-22,13.89,13.98,13.43,13.49,22975800,11.43
2010-06-21,14.10,14.10,13.70,13.81,16934000,11.70
2010-06-18,14.20,14.20,13.88,14.00,17064400,11.86
2010-06-17,14.12,14.19,13.92,14.15,19090900,11.99
2010-06-16,14.08,14.20,13.83,14.16,33095800,11.99
2010-06-15,12.88,14.41,12.87,14.37,74084300,12.17
2010-06-14,13.43,13.54,13.09,13.12,21948800,11.11
2010-06-11,12.92,13.40,12.91,13.37,12654100,11.33
2010-06-10,13.11,13.35,13.01,13.32,18550600,11.28
2010-06-09,12.63,13.04,12.56,12.72,26771100,10.77
2010-06-08,12.48,12.63,12.22,12.58,24566300,10.66
2010-06-07,12.61,12.86,12.37,12.39,28887000,10.50
2010-06-04,12.88,12.98,12.59,12.65,26723100,10.72
2010-06-03,13.31,13.41,12.95,13.19,18661000,11.17
2010-06-02,12.82,13.32,12.80,13.32,23590500,11.28
2010-06-01,13.07,13.30,12.77,12.77,21018100,10.82
2010-05-28,13.46,13.54,13.02,13.20,22287100,11.18
2010-05-27,13.19,13.50,13.10,13.49,30000000,11.43
2010-05-26,12.66,13.19,12.61,12.86,31665400,10.89
2010-05-25,12.48,12.81,12.34,12.81,28868000,10.85
2010-05-24,12.76,13.16,12.61,12.90,26591600,10.93
2010-05-21,12.51,13.03,12.44,12.95,30107300,10.97
2010-05-20,12.98,13.12,12.68,12.73,31037600,10.78
2010-05-19,13.66,13.72,13.13,13.39,47401000,11.34
2010-05-18,14.09,14.20,13.69,13.75,21937900,11.65
2010-05-17,14.06,14.11,13.56,14.03,22455700,11.88
2010-05-14,14.34,14.34,13.78,13.95,33429600,11.82
2010-05-13,14.69,14.69,14.25,14.30,25680000,12.11
2010-05-12,14.55,14.60,14.35,14.51,30656800,12.29
2010-05-11,14.55,14.68,14.34,14.48,31105200,12.27
2010-05-10,14.26,17.00,14.25,14.66,35982400,12.42
2010-05-07,14.10,14.17,13.31,13.67,49837700,11.58
2010-05-06,14.50,14.64,12.90,13.97,45477000,11.83
2010-05-05,14.43,14.88,13.66,14.60,65741400,12.37
2010-05-04,15.87,15.87,15.24,15.40,36757900,13.04
2010-05-03,15.61,16.18,15.43,16.04,21700200,13.59
2010-04-30,15.84,16.11,15.41,15.43,24280300,13.07
2010-04-29,15.66,15.96,15.66,15.76,25885300,13.35
2010-04-28,15.67,15.86,15.33,15.56,28994100,13.18
2010-04-27,16.01,16.09,15.58,15.70,29638800,13.30
2010-04-26,16.08,16.43,16.02,16.24,19645100,13.76
2010-04-23,15.99,16.12,15.79,16.12,18847000,13.65
2010-04-22,15.92,16.10,15.63,16.06,21267200,13.60
2010-04-21,15.90,16.05,15.82,15.98,16151300,13.54
2010-04-20,15.84,15.99,15.78,15.85,16519500,13.43
2010-04-19,15.77,15.93,15.48,15.78,25776900,13.37
2010-04-16,15.81,16.00,15.56,15.75,36131100,13.34
2010-04-15,15.80,15.95,15.63,15.78,21901200,13.37
2010-04-14,15.42,15.83,15.39,15.83,24079200,13.41
2010-04-13,15.01,15.55,14.95,15.47,27623800,13.10
2010-04-12,15.28,15.30,15.00,15.03,11444400,12.73
2010-04-09,14.79,15.34,14.68,15.22,26372000,12.89
2010-04-08,14.45,14.76,14.37,14.71,22972800,12.46
2010-04-07,14.64,14.67,14.32,14.48,15156100,12.27
2010-04-06,14.86,14.89,14.64,14.70,17095400,12.45
2010-04-05,14.59,15.00,14.50,14.79,14461500,12.53
2010-04-01,14.54,14.66,14.35,14.59,10642000,12.36
2010-03-31,14.48,14.63,14.33,14.41,17104900,12.21
2010-03-30,14.62,14.62,14.39,14.45,11600000,12.24
2010-03-29,14.39,14.59,14.39,14.55,10464400,12.32
2010-03-26,14.47,14.64,14.28,14.46,10776700,12.25
2010-03-25,14.48,14.81,14.39,14.43,27195900,12.22
2010-03-24,14.01,14.37,13.97,14.27,25417900,12.09
2010-03-23,13.97,14.05,13.87,14.03,18366400,11.88
2010-03-22,13.94,14.03,13.73,14.01,15853000,11.87
2010-03-19,14.17,14.23,13.69,13.98,27696100,11.84
2010-03-18,14.23,14.23,13.91,14.02,20047100,11.88
2010-03-17,14.14,14.19,13.95,14.01,18468900,11.87
2010-03-16,14.06,14.14,13.90,14.03,28014000,11.88
2010-03-15,14.12,14.19,13.82,13.97,22525100,11.83
2010-03-12,14.38,14.50,13.96,14.03,25330800,11.88
2010-03-11,14.20,14.30,14.09,14.26,19616300,12.08
2010-03-10,14.22,14.32,14.16,14.28,17444000,12.10
2010-03-09,14.21,14.34,14.15,14.27,13039600,12.09
2010-03-08,14.33,14.39,14.24,14.28,11415500,12.10
2010-03-05,13.91,14.43,13.90,14.43,22341000,12.16
2010-03-04,13.67,13.91,13.54,13.90,36110200,11.71
2010-03-03,13.90,13.93,13.65,13.70,13407400,11.54
2010-03-02,13.81,13.93,13.64,13.84,21053700,11.66
2010-03-01,13.41,13.84,13.41,13.76,23463900,11.59
2010-02-26,13.43,13.51,13.25,13.37,16941500,11.27
2010-02-25,13.14,13.44,13.03,13.42,16037100,11.31
2010-02-24,13.21,13.52,13.19,13.49,16463900,11.37
2010-02-23,13.52,13.63,13.15,13.18,17615200,11.11
2010-02-22,13.64,13.67,13.45,13.49,13828800,11.37
2010-02-19,13.42,13.64,13.27,13.56,16179400,11.43
2010-02-18,13.49,13.59,13.32,13.49,11184100,11.37
2010-02-17,13.41,13.55,13.31,13.45,14262800,11.33
2010-02-16,13.26,13.42,13.06,13.42,15254000,11.31
2010-02-12,12.84,13.14,12.76,13.11,24564700,11.05
2010-02-11,12.71,12.94,12.44,12.93,33302500,10.90
2010-02-10,12.81,12.87,12.48,12.61,21467000,10.63
2010-02-09,12.93,13.07,12.67,12.91,27400200,10.88
2010-02-08,12.94,12.94,12.58,12.64,18910000,10.65
2010-02-05,13.16,13.28,12.60,12.96,32814300,10.92
2010-02-04,13.56,13.59,13.08,13.08,38594400,11.02
2010-02-03,13.39,13.75,13.21,13.67,52840800,11.52
2010-02-02,12.53,12.85,12.43,12.76,41541900,10.75
2010-02-01,12.69,12.76,12.39,12.53,33175900,10.56
2010-01-29,12.66,12.98,12.57,12.61,38763900,10.63
2010-01-28,12.65,12.78,12.39,12.52,39818400,10.55
2010-01-27,12.75,12.86,12.38,12.65,24225700,10.66
2010-01-26,12.64,12.93,12.57,12.77,25860700,10.76
2010-01-25,12.57,12.72,12.36,12.66,23047800,10.67
2010-01-22,12.98,12.98,12.38,12.41,25658400,10.46
2010-01-21,13.10,13.43,12.75,12.84,24430000,10.82
2010-01-20,13.25,13.34,12.91,13.06,24187100,11.01
2010-01-19,13.21,13.50,13.21,13.40,11979000,11.29
2010-01-15,13.41,13.56,13.03,13.19,22195200,11.11
2010-01-14,13.31,13.48,13.29,13.44,20345600,11.33
2010-01-13,13.62,13.64,13.26,13.34,28568600,11.24
2010-01-12,14.17,14.17,13.38,13.45,20856100,11.33
2010-01-11,14.22,14.27,13.95,14.08,11930700,11.86
2010-01-08,13.96,14.19,13.86,14.12,22252000,11.90
2010-01-07,14.23,14.30,13.87,14.00,42402400,11.80
2010-01-06,13.91,14.39,13.90,14.20,30598800,11.97
2010-01-05,13.83,13.99,13.76,13.97,22195900,11.77
2010-01-04,14.05,14.22,13.89,13.93,16512700,11.74
2009-12-31,13.85,13.98,13.67,13.69,10380500,11.54
2009-12-30,13.77,13.93,13.72,13.91,9822000,11.72
2009-12-29,13.68,14.00,13.60,13.97,10121400,11.77
2009-12-28,13.70,13.77,13.57,13.66,7048600,11.51
2009-12-24,13.54,13.70,13.46,13.65,3507800,11.50
2009-12-23,13.58,13.58,13.29,13.51,11416100,11.38
2009-12-22,13.56,13.72,13.47,13.61,10885700,11.47
2009-12-21,13.35,13.93,13.32,13.69,20654300,11.54
2009-12-18,13.31,13.42,13.11,13.35,32446100,11.25
2009-12-17,13.30,13.30,13.11,13.22,25072700,11.14
2009-12-16,13.04,13.40,13.00,13.35,23116900,11.25
2009-12-15,13.17,13.25,13.01,13.04,27829700,10.99
2009-12-14,12.85,12.97,12.78,12.86,8924000,10.84
2009-12-11,12.63,12.91,12.55,12.76,12424800,10.75
2009-12-10,12.29,12.63,12.21,12.52,14820900,10.55
2009-12-09,12.25,12.37,12.10,12.27,13898400,10.34
2009-12-08,12.24,12.38,11.98,12.32,24349000,10.38
2009-12-07,11.98,12.47,11.97,12.26,32807800,10.33
2009-12-04,11.86,12.17,11.76,12.03,24460300,10.14
2009-12-03,11.83,12.00,11.68,11.70,16762300,9.86
2009-12-02,11.79,11.91,11.68,11.81,10182600,9.95
2009-12-01,11.71,11.88,11.60,11.80,15457400,9.94
2009-11-30,11.55,11.55,11.11,11.46,19346200,9.66
2009-11-27,11.44,11.70,11.19,11.54,14150000,9.72
2009-11-25,11.90,12.05,11.85,12.01,11349200,10.12
2009-11-24,12.04,12.04,11.84,11.92,14228400,10.04
2009-11-23,12.08,12.38,11.94,12.01,17889400,10.12
2009-11-20,12.13,12.31,11.89,11.98,13867600,10.10
2009-11-19,12.45,12.60,12.17,12.44,11960200,10.48
2009-11-18,12.48,12.63,12.35,12.55,13634600,10.58
2009-11-17,12.62,12.71,12.55,12.70,11616300,10.70
2009-11-16,12.66,12.93,12.62,12.82,16623300,10.80
2009-11-13,12.48,12.67,12.35,12.61,12727000,10.63
2009-11-12,12.52,12.59,12.25,12.33,11468500,10.39
2009-11-11,12.65,12.74,12.41,12.53,11027600,10.56
2009-11-10,12.41,12.55,12.33,12.48,11532200,10.52
2009-11-09,12.17,12.37,12.13,12.37,14675100,10.42
2009-11-06,11.94,12.08,11.69,12.06,12707900,10.16
2009-11-05,12.10,12.14,11.77,11.94,19562200,10.06
2009-11-04,11.50,11.86,11.37,11.56,18937900,9.74
2009-11-03,11.56,11.60,11.25,11.44,22645400,9.64
2009-11-02,11.52,11.70,11.22,11.52,23755500,9.71
2009-10-30,12.12,12.12,11.39,11.52,20032600,9.71
2009-10-29,11.56,12.09,11.53,12.01,17675300,10.12
2009-10-28,12.00,12.04,11.51,11.53,18351400,9.72
2009-10-27,12.30,12.48,11.89,11.99,21439500,10.10
2009-10-26,12.35,12.85,12.15,12.21,23335300,10.29
2009-10-23,12.55,12.61,12.14,12.26,16638500,10.33
2009-10-22,12.58,12.82,12.34,12.72,13651300,10.72
2009-10-21,12.70,13.09,12.53,12.57,16668700,10.59
2009-10-20,12.83,12.83,12.57,12.72,13760800,10.72
2009-10-19,12.50,13.03,12.43,12.83,18675200,10.81
2009-10-16,12.68,12.95,12.21,12.51,18623200,10.54
2009-10-15,12.55,12.77,12.45,12.77,31583900,10.76
2009-10-14,12.58,12.61,12.27,12.60,14498600,10.62
2009-10-13,12.22,12.32,12.08,12.28,13303400,10.35
2009-10-12,12.07,12.38,11.93,12.05,11275200,10.15
2009-10-09,11.97,12.31,11.97,12.19,15761000,10.27
2009-10-08,11.94,12.31,11.77,12.07,17946700,10.17
2009-10-07,11.70,11.86,11.57,11.76,16047100,9.91
2009-10-06,11.62,11.80,11.50,11.63,17161400,9.80
2009-10-05,11.32,11.63,11.21,11.54,10657600,9.72
2009-10-02,11.37,11.48,11.24,11.27,11786100,9.50
2009-10-01,11.82,11.91,11.18,11.35,24520700,9.56
2009-09-30,12.06,12.25,11.72,11.96,22107500,10.08
2009-09-29,11.98,12.08,11.81,11.90,12728600,10.03
2009-09-28,11.52,12.02,11.51,11.97,9117600,10.09
2009-09-25,11.78,11.90,11.51,11.52,19712500,9.71
2009-09-24,11.98,12.07,11.58,11.69,21216300,9.85
2009-09-23,12.25,12.33,11.89,11.93,15727500,10.05
2009-09-22,12.28,12.37,12.14,12.29,14649300,10.36
2009-09-21,12.06,12.24,12.03,12.14,19668300,10.23
2009-09-18,12.25,12.36,11.97,12.21,34665800,10.29
2009-09-17,12.29,12.58,12.02,12.14,23215200,10.23
2009-09-16,12.11,12.41,11.97,12.31,17763900,10.37
2009-09-15,11.79,12.24,11.77,12.10,26780000,10.20
2009-09-14,11.65,11.86,11.55,11.83,12875500,9.97
2009-09-11,11.56,11.86,11.49,11.75,23208700,9.90
2009-09-10,11.21,11.72,11.11,11.68,18731500,9.84
2009-09-09,11.10,11.32,10.94,11.29,13476400,9.51
2009-09-08,11.24,11.30,11.02,11.18,11906100,9.42
2009-09-04,10.62,11.06,10.40,11.03,14954200,9.29
2009-09-03,10.82,10.82,10.47,10.59,15552800,8.87
2009-09-02,10.40,10.55,10.25,10.44,13386900,8.75
2009-09-01,10.60,10.97,10.32,10.42,22078100,8.73
2009-08-31,10.93,11.00,10.59,10.72,15120900,8.98
2009-08-28,11.39,11.42,10.83,10.98,16266700,9.20
2009-08-27,11.03,11.15,10.71,11.03,13316300,9.24
2009-08-26,10.99,11.16,10.84,11.07,15123600,9.28
2009-08-25,11.34,11.39,10.92,10.96,15799700,9.18
2009-08-24,11.24,11.33,10.98,11.08,10667000,9.28
2009-08-21,10.88,11.22,10.53,11.17,17535600,9.36
2009-08-20,10.89,10.95,10.74,10.91,13774400,9.14
2009-08-19,10.41,10.93,10.35,10.79,12802100,9.04
2009-08-18,10.62,10.70,10.51,10.62,16428800,8.90
2009-08-17,10.64,10.84,10.40,10.41,15410200,8.72
2009-08-14,11.31,11.35,10.74,10.94,13117800,9.17
2009-08-13,11.25,11.36,10.96,11.22,15232800,9.40
2009-08-12,10.81,11.35,10.75,11.26,18231000,9.43
2009-08-11,11.17,11.30,10.82,10.98,15372500,9.20
2009-08-10,11.45,11.49,11.18,11.44,15982100,9.59
2009-08-07,10.94,11.50,10.92,11.43,23113100,9.58
2009-08-06,10.83,11.17,10.53,10.66,21710400,8.93
2009-08-05,10.56,10.66,10.17,10.58,20122400,8.86
2009-08-04,10.61,10.69,10.43,10.59,13015300,8.87
2009-08-03,10.65,10.76,10.38,10.71,21645400,8.97
2009-07-31,10.51,10.56,10.29,10.33,19506500,8.66
2009-07-30,10.10,10.52,10.10,10.42,17790500,8.73
2009-07-29,10.05,10.20,9.76,9.93,15356900,8.32
2009-07-28,10.25,10.47,10.04,10.32,19217500,8.65
2009-07-27,9.95,10.23,9.86,10.20,17226000,8.55
2009-07-24,9.83,10.06,9.70,9.89,17906900,8.29
2009-07-23,9.65,10.05,9.62,9.87,23805600,8.27
2009-07-22,9.69,9.81,9.53,9.67,14078100,8.10
2009-07-21,9.78,9.80,9.44,9.64,15438800,8.08
2009-07-20,9.41,9.68,9.37,9.67,12125300,8.10
2009-07-17,9.32,9.35,9.14,9.24,12705700,7.74
2009-07-16,8.97,9.29,8.95,9.25,14585100,7.75
2009-07-15,8.78,8.87,8.67,8.86,25706700,7.42
2009-07-14,8.42,8.58,8.31,8.54,12528000,7.16
2009-07-13,8.14,8.33,7.94,8.32,17538400,6.97
2009-07-10,8.18,8.36,8.00,8.17,17415400,6.85
2009-07-09,8.40,8.45,8.12,8.23,17134600,6.90
2009-07-08,8.35,8.36,8.01,8.15,29068400,6.83
2009-07-07,8.52,8.57,8.13,8.17,23733700,6.85
2009-07-06,8.64,8.72,8.39,8.54,20250100,7.16
2009-07-02,9.19,9.19,8.58,8.60,22483300,7.21
2009-07-01,9.29,9.54,9.14,9.27,18749400,7.77
2009-06-30,9.44,9.44,9.00,9.11,16440000,7.63
2009-06-29,9.11,9.36,9.03,9.27,14854300,7.77
2009-06-26,9.06,9.15,8.88,9.10,33133600,7.62
2009-06-25,9.02,9.28,8.98,9.15,24823000,7.67
2009-06-24,9.27,9.31,8.92,8.99,33680600,7.53
2009-06-23,9.14,9.30,8.98,9.07,20836100,7.60
2009-06-22,9.50,9.50,8.98,9.05,18077500,7.58
2009-06-19,9.54,9.65,9.40,9.54,21847400,7.99
2009-06-18,9.43,9.61,9.31,9.38,12907100,7.86
2009-06-17,9.40,9.57,9.19,9.40,21129200,7.88
2009-06-16,9.98,9.98,9.34,9.41,21581600,7.88
2009-06-15,10.07,10.20,9.64,9.81,15988500,8.22
2009-06-12,10.36,10.48,10.09,10.41,12258000,8.72
2009-06-11,10.52,10.71,10.42,10.50,19972400,8.80
2009-06-10,10.62,10.69,10.28,10.51,16052700,8.81
2009-06-09,10.32,10.51,10.21,10.46,12288900,8.76
2009-06-08,10.00,10.62,9.98,10.42,15023100,8.73
2009-06-05,10.37,10.45,10.06,10.24,13830800,8.58
2009-06-04,10.37,10.46,10.18,10.26,15831600,8.60
2009-06-03,10.50,10.53,10.09,10.34,20371400,8.66
2009-06-02,10.31,10.71,10.29,10.61,19149000,8.89
2009-06-01,10.09,10.42,9.98,10.40,21585500,8.71
2009-05-29,9.82,9.87,9.50,9.78,22266700,8.19
2009-05-28,9.57,9.60,9.18,9.52,16999500,7.98
2009-05-27,9.37,9.46,9.18,9.26,19482600,7.76
2009-05-26,8.63,9.38,8.62,9.34,19317800,7.83
2009-05-22,8.67,8.97,8.55,8.83,12526800,7.40
2009-05-21,8.87,8.95,8.37,8.60,24709400,7.21
2009-05-20,9.33,9.40,8.99,9.06,14049100,7.59
2009-05-19,9.20,9.37,9.06,9.20,16004700,7.71
2009-05-18,8.71,9.18,8.63,9.18,12687700,7.69
2009-05-15,8.81,8.99,8.57,8.60,15384500,7.21
2009-05-14,8.55,8.98,8.52,8.83,19682500,7.40
2009-05-13,8.80,8.81,8.28,8.34,24828300,6.99
2009-05-12,9.38,9.44,8.60,8.96,22134200,7.51
2009-05-11,9.59,9.61,9.16,9.20,20997300,7.71
2009-05-08,9.65,9.81,9.40,9.66,24276400,8.09
2009-05-07,10.01,10.42,9.32,9.45,32330900,7.92
2009-05-06,8.93,9.53,8.88,9.45,22696200,7.92
2009-05-05,9.34,9.37,8.82,9.03,15520300,7.57
2009-05-04,8.64,9.06,8.57,8.99,14960000,7.53
2009-05-01,8.26,8.44,8.15,8.38,11451500,7.02
2009-04-30,8.20,8.65,8.17,8.26,24256800,6.92
2009-04-29,7.75,8.32,7.62,8.15,20781300,6.83
2009-04-28,7.51,7.66,7.44,7.53,15066100,6.31
2009-04-27,7.64,7.78,7.44,7.58,14646300,6.35
2009-04-24,7.68,8.05,7.58,7.94,15448900,6.65
2009-04-23,7.46,7.76,7.42,7.67,14025900,6.43
2009-04-22,7.48,7.97,7.42,7.78,12126500,6.52
2009-04-21,7.46,7.84,7.18,7.76,13995200,6.50
2009-04-20,7.83,7.93,7.54,7.59,19983300,6.36
2009-04-17,8.11,8.39,7.84,8.32,19291300,6.97
2009-04-16,7.74,8.05,7.66,7.96,17136700,6.67
2009-04-15,7.37,7.53,7.21,7.53,16827100,6.31
2009-04-14,7.70,7.70,7.33,7.40,20887300,6.20
2009-04-13,7.64,7.82,7.57,7.73,10724100,6.48
2009-04-09,7.36,7.89,7.35,7.82,22936800,6.55
2009-04-08,7.27,7.38,7.08,7.26,16145800,6.08
2009-04-07,7.52,7.52,7.12,7.22,20114600,6.05
2009-04-06,7.68,7.85,7.46,7.56,14536400,6.33
2009-04-03,7.63,7.86,7.49,7.80,18481800,6.54
2009-04-02,7.27,7.63,7.16,7.53,23358200,6.31
2009-04-01,6.51,7.01,6.43,6.96,24372200,5.83
2009-03-31,6.72,6.78,6.48,6.62,26918500,5.55
2009-03-30,6.93,6.93,6.40,6.48,25768900,5.43
2009-03-27,7.01,7.03,6.86,6.94,22612300,5.81
2009-03-26,7.05,7.11,6.82,7.03,24897500,5.89
2009-03-25,6.81,7.05,6.52,6.78,20464600,5.68
2009-03-24,6.64,6.84,6.55,6.67,20702600,5.59
2009-03-23,6.37,6.75,6.29,6.75,23463100,5.66
2009-03-20,6.44,6.45,6.02,6.08,27740200,5.09
2009-03-19,6.59,6.70,6.13,6.22,27511700,5.21
2009-03-18,6.21,6.64,6.17,6.53,17787300,5.47
2009-03-17,6.15,6.36,6.03,6.36,15006200,5.33
2009-03-16,6.28,6.32,5.99,6.01,18564600,5.04
2009-03-13,6.20,6.20,5.78,6.00,16407800,5.03
2009-03-12,5.50,5.89,5.48,5.85,23696000,4.90
2009-03-11,5.60,5.76,5.36,5.71,31566800,4.78
2009-03-10,5.08,5.53,4.95,5.51,38631000,4.62
2009-03-09,5.19,5.27,4.95,4.99,26066400,4.18
2009-03-06,5.42,5.50,5.14,5.31,26600900,4.40
2009-03-05,5.42,5.64,5.32,5.35,34060400,4.43
2009-03-04,5.37,5.75,5.29,5.66,23818500,4.69
2009-03-03,5.54,5.55,5.19,5.34,28538000,4.42
2009-03-02,5.46,5.54,5.27,5.28,26682700,4.37
2009-02-27,5.53,5.75,5.53,5.56,31438900,4.61
2009-02-26,6.31,6.31,5.70,5.77,29127000,4.78
2009-02-25,6.09,6.24,5.82,6.06,23573600,5.02
2009-02-24,5.84,6.19,5.69,6.12,41426600,5.07
2009-02-23,6.04,6.25,5.74,5.78,30943400,4.79
2009-02-20,5.88,6.15,5.87,6.04,37772500,5.00
2009-02-19,6.15,6.29,5.97,6.02,29377600,4.99
2009-02-18,6.11,6.25,5.99,6.12,22816200,5.07
2009-02-17,6.01,6.32,5.99,6.12,24355400,5.07
2009-02-13,6.50,6.62,6.36,6.50,18018300,5.38
2009-02-12,6.15,6.54,6.15,6.54,22239100,5.42
2009-02-11,6.39,6.66,6.26,6.47,24027900,5.36
2009-02-10,6.67,6.80,6.28,6.36,32914900,5.27
2009-02-09,6.97,7.08,6.57,6.78,24053300,5.62
2009-02-06,6.77,7.20,6.74,6.98,34005100,5.78
2009-02-05,6.53,6.96,6.43,6.94,34053700,5.75
2009-02-04,6.69,6.95,6.52,6.61,28761800,5.48
2009-02-03,6.50,6.83,6.50,6.79,23863200,5.62
2009-02-02,6.13,6.75,6.09,6.66,29980300,5.52
2009-01-30,6.82,6.85,6.31,6.39,27441000,5.29
2009-01-29,7.23,7.36,6.76,6.80,23024300,5.63
2009-01-28,7.20,7.61,7.03,7.54,20012900,6.25
2009-01-27,6.99,7.04,6.63,6.73,19715700,5.58
2009-01-26,6.75,7.25,6.69,6.92,25807200,5.73
2009-01-23,6.88,7.19,6.82,6.95,22788800,5.76
2009-01-22,6.76,7.48,6.76,7.19,32000600,5.96
2009-01-21,7.39,7.69,7.15,7.69,22123800,6.37
2009-01-20,7.81,7.90,7.14,7.15,29871500,5.92
2009-01-16,8.19,8.19,7.65,8.02,72317400,6.64
2009-01-15,8.07,8.18,7.69,8.03,28554700,6.65
2009-01-14,8.46,8.57,7.94,8.11,24006400,6.72
2009-01-13,8.62,8.88,8.48,8.69,19552500,7.20
2009-01-12,8.77,8.77,8.36,8.45,10742500,7.00
2009-01-09,9.07,9.13,8.60,8.73,11186800,7.23
2009-01-08,8.99,9.05,8.62,8.92,15467800,7.39
2009-01-07,9.57,9.66,9.00,9.05,14878200,7.50
2009-01-06,9.40,10.00,9.40,9.85,9488300,8.16
2009-01-05,9.54,9.75,9.39,9.50,12507500,7.87
2009-01-02,9.07,9.80,8.84,9.69,7358000,8.03
2008-12-31,8.83,9.14,8.51,9.09,8533800,7.53
2008-12-30,8.84,8.90,8.58,8.84,7443300,7.32
2008-12-29,8.42,8.75,8.00,8.75,6604700,7.25
2008-12-26,8.42,8.57,8.25,8.51,6051300,7.05
2008-12-24,8.21,8.38,8.09,8.33,3264300,6.90
2008-12-23,8.38,8.39,8.06,8.16,11965500,6.76
2008-12-22,8.64,8.72,8.11,8.35,12395100,6.92
2008-12-19,8.41,8.93,8.38,8.67,22824700,7.18
2008-12-18,8.49,8.75,8.15,8.30,23079300,6.88
2008-12-17,8.31,8.64,8.24,8.45,12760800,7.00
2008-12-16,7.89,8.44,7.84,8.43,19099800,6.98
2008-12-15,7.97,8.16,7.61,7.78,11107100,6.45
2008-12-12,7.98,8.02,7.63,7.97,17115900,6.60
2008-12-11,8.39,8.65,8.05,8.07,15836500,6.69
2008-12-10,8.09,8.86,8.09,8.51,15038100,7.05
2008-12-09,8.45,8.67,8.06,8.28,20637000,6.86
2008-12-08,8.53,8.90,8.15,8.70,16494900,7.21
2008-12-05,7.79,8.27,7.55,8.26,16665300,6.84
2008-12-04,7.77,8.21,7.57,7.84,16047700,6.49
2008-12-03,7.35,8.00,7.04,7.96,21258500,6.59
2008-12-02,7.15,7.75,7.13,7.60,15681300,6.30
2008-12-01,7.57,7.65,7.01,7.04,14581200,5.83
2008-11-28,7.56,7.92,7.46,7.90,6077300,6.54
2008-11-26,6.63,7.47,6.59,7.40,14965800,6.13
2008-11-25,7.03,7.16,6.52,6.80,17308300,5.63
2008-11-24,6.34,7.11,6.25,6.86,18938500,5.68
2008-11-21,5.65,6.20,5.50,6.19,24021700,5.13
2008-11-20,6.12,6.40,5.43,5.47,26241300,4.53
2008-11-19,6.83,7.00,6.16,6.18,18802600,5.12
2008-11-18,6.82,6.87,6.38,6.70,18087500,5.55
2008-11-17,7.30,7.30,6.78,6.83,10745700,5.66
2008-11-14,7.31,7.99,6.87,7.43,14638100,6.16
2008-11-13,7.22,7.56,6.49,7.54,23908900,6.25
2008-11-12,7.66,7.93,7.14,7.15,15901800,5.92
2008-11-11,8.01,8.13,7.59,7.77,13491600,6.44
2008-11-10,8.61,8.74,7.96,8.18,12893100,6.78
2008-11-07,8.26,8.51,8.16,8.49,10358700,7.03
2008-11-06,8.25,8.81,7.91,8.26,27413900,6.84
2008-11-05,10.43,10.85,9.74,9.79,11743700,8.11
2008-11-04,11.06,11.06,10.51,10.88,20287900,9.01
2008-11-03,10.57,10.77,10.37,10.75,18593500,8.91
2008-10-31,10.05,10.77,9.79,10.64,22421900,8.81
2008-10-30,9.08,10.33,9.08,10.25,30072800,8.49
2008-10-29,8.99,9.97,8.82,8.98,19301000,7.44
2008-10-28,8.00,9.30,7.65,9.27,17224000,7.68
2008-10-27,8.02,8.32,7.79,7.80,14093700,6.46
2008-10-24,8.16,8.88,7.92,8.47,18789700,7.02
2008-10-23,8.52,9.06,8.23,9.00,21113100,7.46
2008-10-22,8.65,9.03,8.19,8.46,20627900,7.01
2008-10-21,9.52,9.60,9.11,9.21,13015600,7.63
2008-10-20,9.32,9.93,9.23,9.67,17803400,8.01
2008-10-17,8.78,9.46,8.68,9.08,15995700,7.52
2008-10-16,8.58,9.37,8.18,9.34,21292200,7.74
2008-10-15,9.48,9.81,8.51,8.55,16858000,7.08
2008-10-14,10.63,11.00,9.42,9.86,21554100,8.17
2008-10-13,8.86,10.14,8.57,10.06,21849200,8.33
2008-10-10,8.58,9.17,7.64,8.33,35504500,6.90
2008-10-09,10.05,10.64,9.01,9.01,29052700,7.46
2008-10-08,9.78,10.46,9.49,9.97,23875000,8.26
2008-10-07,10.88,10.98,10.01,10.03,17343100,8.31
2008-10-06,10.49,10.97,10.17,10.67,22984200,8.84
2008-10-03,11.35,11.58,10.84,10.89,15404300,9.02
2008-10-02,11.84,11.90,11.19,11.21,14605800,9.29
2008-10-01,11.83,12.08,11.66,11.92,9421900,9.87
2008-09-30,11.98,12.12,11.78,11.99,14504600,9.93
2008-09-29,12.78,13.09,11.39,11.77,21960300,9.75
2008-09-26,13.10,13.15,12.75,13.02,11184000,10.79
2008-09-25,12.76,13.25,12.67,13.10,10362600,10.85
2008-09-24,12.91,12.91,12.48,12.58,13063900,10.42
2008-09-23,12.94,13.17,12.50,12.86,11316600,10.65
2008-09-22,13.65,13.66,12.81,12.93,12280300,10.71
2008-09-19,13.05,14.40,13.05,13.73,26226600,11.37
2008-09-18,12.64,13.19,12.41,13.04,19594600,10.80
2008-09-17,13.17,13.19,12.33,12.46,24112700,10.32
2008-09-16,13.16,13.43,12.91,13.29,15105400,11.01
2008-09-15,13.49,13.99,13.48,13.57,17278600,11.24
2008-09-12,14.00,14.16,13.89,14.13,12359500,11.71
2008-09-11,13.69,14.10,13.54,14.10,12601800,11.68
2008-09-10,14.00,14.00,13.60,13.80,13885200,11.43
2008-09-09,14.16,14.30,13.75,13.75,12132600,11.39
2008-09-08,13.85,14.01,13.63,14.01,13623900,11.61
2008-09-05,13.65,13.65,13.26,13.40,9811800,11.05
2008-09-04,14.13,14.18,13.49,13.65,15914600,11.26
2008-09-03,14.19,14.28,13.95,14.16,11470200,11.68
2008-09-02,14.29,14.54,14.06,14.16,11900100,11.68
2008-08-29,14.04,14.23,13.90,14.16,10305600,11.68
2008-08-28,13.75,14.19,13.70,14.18,13439800,11.69
2008-08-27,13.66,13.76,13.51,13.71,7721300,11.31
2008-08-26,13.64,13.86,13.52,13.67,10055300,11.27
2008-08-25,13.82,13.93,13.64,13.69,10194200,11.29
2008-08-22,13.54,13.94,13.52,13.85,10088700,11.42
2008-08-21,13.19,13.50,13.17,13.47,11125900,11.11
2008-08-20,13.45,13.56,13.26,13.40,8752300,11.05
2008-08-19,13.67,13.69,13.29,13.45,9544300,11.09
2008-08-18,13.96,14.09,13.63,13.70,7391600,11.30
2008-08-15,13.90,14.13,13.68,13.91,12619500,11.47
2008-08-14,13.54,14.16,13.37,13.93,15813700,11.49
2008-08-13,13.43,13.77,13.22,13.67,17182600,11.27
2008-08-12,13.68,13.79,13.34,13.45,17536600,11.09
2008-08-11,13.76,13.89,13.55,13.68,13385100,11.28
2008-08-08,13.41,13.89,13.41,13.84,13526000,11.41
2008-08-07,14.03,14.07,13.36,13.48,22721200,11.12
2008-08-06,15.62,15.62,13.67,13.93,23613800,11.49
2008-08-05,14.40,14.74,14.24,14.74,16732800,12.16
2008-08-04,14.05,14.35,13.99,14.08,12959900,11.61
2008-08-01,14.22,14.38,13.77,13.96,9882200,11.51
2008-07-31,14.30,14.58,14.11,14.13,16540700,11.65
2008-07-30,14.26,14.50,14.01,14.27,10061200,11.77
2008-07-29,13.78,14.15,13.63,14.15,10010700,11.67
2008-07-28,14.66,14.66,13.77,13.78,11258400,11.36
2008-07-25,14.81,15.00,14.44,14.58,8553200,12.02
2008-07-24,15.38,15.38,14.58,14.59,15746100,12.03
2008-07-23,14.61,14.88,14.47,14.78,13914300,12.19
2008-07-22,14.34,14.40,14.16,14.24,16311800,11.74
2008-07-21,14.37,14.55,14.12,14.21,7022900,11.72
2008-07-18,14.48,14.48,14.23,14.35,12878400,11.83
2008-07-17,14.43,14.53,14.17,14.43,15320800,11.90
2008-07-16,14.31,14.46,14.03,14.43,14042300,11.90
2008-07-15,14.43,14.49,13.75,14.25,14277800,11.75
2008-07-14,14.49,14.61,14.14,14.19,8332600,11.70
2008-07-11,14.46,14.52,14.00,14.30,12989400,11.79
2008-07-10,14.35,14.65,14.20,14.56,14382100,12.01
2008-07-09,14.98,14.98,14.38,14.38,10354600,11.86
2008-07-08,14.40,14.80,14.19,14.80,12692700,12.21
2008-07-07,14.70,14.74,14.10,14.41,16267600,11.88
2008-07-03,14.59,14.84,14.50,14.56,7980900,12.01
2008-07-02,14.86,14.97,14.41,14.41,24312500,11.88
2008-07-01,14.89,15.40,14.16,14.84,19154200,12.24
2008-06-30,15.56,15.58,14.96,15.04,16683100,12.40
2008-06-27,16.39,16.39,15.26,15.43,24225300,12.73
2008-06-26,16.32,16.36,15.83,15.83,10452000,13.06
2008-06-25,16.09,16.68,15.96,16.47,10141500,13.58
2008-06-24,16.25,16.31,15.94,16.09,11904700,13.27
2008-06-23,16.36,16.54,16.09,16.10,14926800,13.28
2008-06-20,16.87,16.92,16.25,16.26,19479500,13.41
2008-06-19,17.10,17.21,16.90,17.04,13791100,14.05
2008-06-18,17.26,17.40,17.05,17.19,11760400,14.18
2008-06-17,17.82,17.88,17.34,17.37,12336000,14.33
2008-06-16,17.75,17.94,17.50,17.80,10826300,14.68
2008-06-13,17.49,18.13,17.24,17.98,18083400,14.83
2008-06-12,16.93,17.38,16.93,17.32,14688000,14.28
2008-06-11,17.36,17.38,17.15,17.23,14174100,14.21
2008-06-10,17.23,17.43,17.11,17.31,13437500,14.28
2008-06-09,17.51,17.61,17.17,17.29,7382100,14.26
2008-06-06,18.13,18.13,17.31,17.34,11913100,14.30
2008-06-05,17.82,18.27,17.70,18.25,9368600,15.05
2008-06-04,17.82,18.19,17.73,17.94,9133200,14.80
2008-06-03,17.81,17.85,16.70,17.78,8944200,14.66
2008-06-02,17.93,18.00,17.60,17.81,9531500,14.69
2008-05-30,18.42,18.53,17.94,17.95,14441400,14.80
2008-05-29,18.75,18.75,18.30,18.35,14846500,15.13
2008-05-28,18.88,19.00,18.63,18.75,10683500,15.46
2008-05-27,18.61,18.94,18.52,18.88,5792800,15.57
2008-05-23,18.88,18.98,18.49,18.57,6452700,15.31
2008-05-22,18.93,19.13,18.67,19.05,5309300,15.71
2008-05-21,19.15,19.33,18.82,18.88,7721700,15.57
2008-05-20,19.13,19.38,19.05,19.09,6657900,15.74
2008-05-19,19.22,19.44,19.06,19.26,4887100,15.88
2008-05-16,19.30,19.34,19.01,19.23,8429700,15.86
2008-05-15,18.97,19.28,18.82,19.19,10282700,15.83
2008-05-14,18.90,19.12,18.82,18.99,10021200,15.66
2008-05-13,18.67,19.30,18.48,19.12,19880500,15.77
2008-05-12,18.84,18.94,18.34,18.66,7588800,15.39
2008-05-09,18.02,18.81,18.00,18.49,6120100,15.25
2008-05-08,18.77,19.21,18.74,18.84,12679400,15.54
2008-05-07,18.70,18.87,18.32,18.42,7422200,15.19
2008-05-06,18.44,18.90,18.44,18.80,6414700,15.50
2008-05-05,18.40,18.80,18.40,18.60,5683500,15.34
2008-05-02,18.87,18.96,18.48,18.60,7039700,15.34
2008-05-01,17.95,18.48,17.87,18.43,7266800,15.20
2008-04-30,18.85,18.85,17.75,17.90,7267400,14.76
2008-04-29,17.63,17.84,17.63,17.70,4289600,14.60
2008-04-28,17.74,17.81,17.59,17.62,7859900,14.53
2008-04-25,17.90,17.97,17.65,17.80,9123800,14.68
2008-04-24,17.72,17.98,17.58,17.77,13490600,14.66
2008-04-23,17.97,18.11,17.71,17.79,7381500,14.67
2008-04-22,18.35,18.38,17.90,17.96,8447500,14.81
2008-04-21,18.40,18.50,18.23,18.46,7049600,15.22
2008-04-18,18.47,18.59,18.14,18.52,8499100,15.27
2008-04-17,18.24,18.24,17.77,18.08,9049000,14.91
2008-04-16,17.50,17.67,17.35,17.63,13466400,14.54
2008-04-15,17.65,17.77,17.28,17.39,7800400,14.34
2008-04-14,18.13,18.24,17.50,17.57,12222000,14.49
2008-04-11,18.74,18.87,18.25,18.42,8424400,15.19
2008-04-10,18.98,19.07,18.78,18.89,8710200,15.58
2008-04-09,19.11,19.25,18.85,18.94,8421100,15.62
2008-04-08,19.49,19.53,19.20,19.25,8287200,15.88
2008-04-07,19.30,19.74,19.28,19.57,8348300,16.14
2008-04-04,19.47,19.51,19.01,19.24,13456400,15.87
2008-04-03,19.73,19.84,19.45,19.63,5909400,16.19
2008-04-02,19.76,19.82,19.38,19.59,6062500,16.16
2008-04-01,19.25,19.64,18.89,19.59,8547200,16.16
2008-03-31,18.47,18.80,18.32,18.75,6318000,15.46
2008-03-28,18.69,18.85,18.28,18.38,7563900,15.16
2008-03-27,19.06,19.10,18.61,18.64,4247900,15.37
2008-03-26,19.01,19.24,18.58,18.87,6459400,15.56
2008-03-25,19.07,19.32,18.95,19.14,6330300,15.78
2008-03-24,18.47,19.04,18.47,18.96,6529900,15.64
2008-03-20,18.07,18.55,18.07,18.38,13712700,15.16
2008-03-19,18.50,19.34,18.45,18.52,11645900,15.27
2008-03-18,18.36,18.50,17.94,18.48,13607700,15.24
2008-03-17,17.52,18.14,17.50,17.97,11005600,14.82
2008-03-14,18.46,18.49,17.79,17.97,9616700,14.82
2008-03-13,18.25,18.71,18.07,18.48,10237900,15.24
2008-03-12,18.25,18.80,18.08,18.57,8344600,15.31
2008-03-11,18.12,18.32,17.98,18.29,10351600,15.08
2008-03-10,18.96,18.96,17.76,17.87,13120500,14.74
2008-03-07,18.28,18.43,18.08,18.22,9858000,14.98
2008-03-06,18.70,18.85,18.46,18.51,8188800,15.22
2008-03-05,18.83,18.99,18.55,18.72,6364700,15.39
2008-03-04,18.37,18.69,18.26,18.62,9156400,15.31
2008-03-03,18.33,18.63,18.22,18.48,7467800,15.19
2008-02-29,18.82,18.83,18.34,18.41,11716600,15.13
2008-02-28,19.43,19.47,19.03,19.20,9834700,15.78
2008-02-27,19.26,19.59,19.15,19.53,6793400,16.05
2008-02-26,19.48,19.60,19.26,19.38,5937700,15.93
2008-02-25,19.10,19.51,19.02,19.48,4800600,16.01
2008-02-22,18.82,19.10,18.58,19.06,4613500,15.67
2008-02-21,19.19,19.38,18.81,18.84,6467700,15.49
2008-02-20,18.92,19.26,18.79,19.16,7968600,15.75
2008-02-19,19.80,19.80,19.19,19.26,6994000,15.83
2008-02-15,19.15,19.54,19.00,19.41,7751700,15.95
2008-02-14,19.44,19.52,19.05,19.18,7339200,15.77
2008-02-13,19.56,19.68,19.11,19.25,12449500,15.82
2008-02-12,19.51,19.69,19.22,19.37,9315000,15.92
2008-02-11,19.53,19.72,19.33,19.51,6705100,16.04
2008-02-08,19.75,19.83,19.43,19.64,9058100,16.14
2008-02-07,19.78,20.15,19.62,19.93,10899500,16.38
2008-02-06,19.65,20.13,19.50,19.68,8219900,16.18
2008-02-05,19.61,19.89,19.39,19.60,14762800,16.11
2008-02-04,19.61,19.61,19.10,19.35,6155300,15.91
2008-02-01,19.09,19.56,18.91,19.41,8427800,15.95
2008-01-31,18.49,19.01,18.33,18.85,9720500,15.49
2008-01-30,19.05,19.25,18.74,18.85,7611400,15.49
2008-01-29,19.10,19.28,18.82,19.24,5388400,15.82
2008-01-28,18.62,19.01,18.41,18.93,6490000,15.56
2008-01-25,19.37,19.41,18.64,18.73,8114600,15.40
2008-01-24,18.95,19.53,18.88,19.34,9792000,15.90
2008-01-23,17.52,18.97,17.51,18.87,12811600,15.51
2008-01-22,17.39,18.87,17.19,18.58,12902400,15.27
2008-01-18,18.84,19.27,18.40,18.69,9472800,15.36
2008-01-17,19.66,19.75,18.75,18.78,10839100,15.44
2008-01-16,19.12,19.81,19.02,19.58,12359000,16.09
2008-01-15,19.37,19.57,19.12,19.13,9033600,15.72
2008-01-14,19.14,19.67,19.14,19.50,6436000,16.03
2008-01-11,19.23,19.38,19.00,19.11,8777800,15.71
2008-01-10,19.14,19.56,18.93,19.48,10281500,16.01
2008-01-09,18.72,19.23,18.66,19.23,13035300,15.81
2008-01-08,19.28,19.57,18.64,18.67,10744300,15.35
2008-01-07,19.55,19.81,19.18,19.28,12590600,15.85
2008-01-04,19.96,20.00,19.41,19.47,9865100,16.00
2008-01-03,20.02,20.19,19.82,20.10,11794500,16.52
2008-01-02,20.40,20.55,19.94,20.01,8180000,16.45
2007-12-31,20.49,20.77,20.43,20.49,4924900,16.84
2007-12-28,20.94,20.97,20.56,20.60,3342900,16.93
2007-12-27,20.97,21.09,20.71,20.71,4446700,17.02
2007-12-26,20.79,21.13,20.67,21.07,4274600,17.32
2007-12-24,21.10,21.10,20.65,20.86,2372100,17.15
2007-12-21,20.65,21.19,20.63,21.07,12583900,17.32
2007-12-20,20.33,20.52,19.84,20.48,8231700,16.83
2007-12-19,20.19,20.57,20.19,20.25,9231300,16.65
2007-12-18,20.21,20.33,20.06,20.26,4948100,16.65
2007-12-17,20.08,20.27,20.00,20.03,6542700,16.46
2007-12-14,20.39,20.61,20.21,20.28,6684900,16.67
2007-12-13,20.78,20.94,20.45,20.70,6954100,17.02
2007-12-12,21.04,21.57,20.50,20.80,15349000,17.10
2007-12-11,20.96,21.06,20.51,20.54,6844700,16.88
2007-12-10,21.28,21.33,20.87,20.97,5662400,17.24
2007-12-07,21.17,21.37,21.10,21.19,3897300,17.42
2007-12-06,20.57,21.24,20.37,21.12,8448100,17.36
2007-12-05,20.64,20.75,20.33,20.58,4676500,16.92
2007-12-04,20.60,20.62,20.41,20.43,6495700,16.79
2007-12-03,21.00,21.16,20.79,20.97,5178400,17.24
2007-11-30,20.90,21.24,20.83,21.07,8300100,17.32
2007-11-29,20.72,20.85,20.43,20.78,6130500,17.08
2007-11-28,20.33,21.08,20.29,21.00,13673900,17.26
2007-11-27,19.75,20.27,19.67,20.19,8103700,16.60
2007-11-26,20.33,20.42,19.67,19.73,6016200,16.22
2007-11-23,20.28,20.40,20.02,20.40,3181500,16.77
2007-11-21,20.24,20.52,20.11,20.14,10513700,16.55
2007-11-20,20.53,20.78,20.38,20.68,9679700,17.00
2007-11-19,20.58,20.74,20.31,20.37,10180700,16.74
2007-11-16,20.66,20.85,20.45,20.75,10274400,17.06
2007-11-15,21.00,21.06,20.59,20.72,46955900,17.03
2007-11-14,21.03,21.22,20.83,20.87,8092400,17.15
2007-11-13,20.80,21.18,20.73,21.14,10958700,17.38
2007-11-12,20.46,21.20,20.33,20.38,12106600,16.75
2007-11-09,21.15,21.84,20.76,21.27,11117000,17.48
2007-11-08,21.15,21.68,21.04,21.53,9775000,17.70
2007-11-07,21.40,21.76,20.92,20.92,7177400,17.20
2007-11-06,21.02,21.55,21.02,21.55,8773400,17.71
2007-11-05,20.92,21.13,20.81,20.97,8511800,17.24
2007-11-02,21.53,21.68,21.01,21.21,6800100,17.43
2007-11-01,21.67,21.78,21.24,21.34,6886700,17.54
2007-10-31,21.50,21.70,21.09,21.67,8294900,17.81
2007-10-30,21.77,21.87,21.47,21.51,6025700,17.68
2007-10-29,21.77,21.86,21.60,21.78,7310700,17.90
2007-10-26,21.72,21.92,21.50,21.69,5446800,17.83
2007-10-25,21.78,21.90,21.34,21.57,5666600,17.73
2007-10-24,21.77,21.92,21.26,21.68,6078300,17.82
2007-10-23,21.75,21.85,21.50,21.80,3631400,17.92
2007-10-22,20.92,21.53,19.55,21.45,4947400,17.63
2007-10-19,21.96,22.03,21.12,21.22,9197500,17.44
2007-10-18,22.32,22.54,22.00,22.06,5558700,18.13
2007-10-17,22.51,22.53,22.03,22.33,4416100,18.36
2007-10-16,22.53,22.59,22.22,22.24,5710900,18.28
2007-10-15,23.08,23.21,22.50,22.61,4306000,18.59
2007-10-12,23.06,23.18,22.87,23.01,3991500,18.91
2007-10-11,23.17,23.58,22.95,23.00,8336900,18.91
2007-10-10,22.95,23.06,22.90,23.01,4705700,18.91
2007-10-09,23.00,23.15,22.91,23.04,6351600,18.94
2007-10-08,23.03,23.13,22.77,22.88,4214400,18.81
2007-10-05,22.39,23.13,22.39,23.02,9362600,18.92
2007-10-04,22.24,22.41,21.96,22.18,7155000,18.23
2007-10-03,22.33,22.56,22.22,22.26,5593200,18.30
2007-10-02,22.35,22.61,22.25,22.48,10094000,18.48
2007-10-01,21.90,22.40,21.90,22.40,6993200,18.41
2007-09-28,21.87,22.01,21.76,21.99,6054500,18.08
2007-09-27,22.03,22.30,21.89,22.06,5406300,18.13
2007-09-26,21.73,22.20,21.60,22.10,9730100,18.17
2007-09-25,22.48,22.48,21.35,21.58,6995300,17.74
2007-09-24,22.09,22.10,21.64,21.75,7944800,17.88
2007-09-21,21.92,22.27,21.64,22.15,15351300,18.21
2007-09-20,21.84,21.93,21.64,21.64,5481000,17.79
2007-09-19,21.58,22.00,21.24,21.87,8862500,17.98
2007-09-18,20.80,22.81,20.66,21.44,6920400,17.62
2007-09-17,20.60,20.88,20.59,20.74,5129700,17.05
2007-09-14,20.80,20.86,20.52,20.64,6358800,16.97
2007-09-13,21.18,21.18,20.77,20.89,5475700,17.17
2007-09-12,21.02,21.21,20.81,21.00,5502800,17.26
2007-09-11,21.06,21.12,20.91,21.05,5630900,17.30
2007-09-10,21.16,21.20,20.96,20.98,7760700,17.25
2007-09-07,20.97,21.32,20.91,21.10,11468000,17.29
2007-09-06,20.23,21.34,20.21,21.27,14177500,17.43
2007-09-05,20.55,20.59,20.21,20.32,7748800,16.66
2007-09-04,20.31,20.81,20.26,20.80,5375800,17.05
2007-08-31,20.25,20.44,20.07,20.23,5916800,16.58
2007-08-30,20.27,20.37,20.02,20.05,6059900,16.43
2007-08-29,20.04,20.46,19.89,20.43,7911700,16.75
2007-08-28,20.73,20.77,19.96,20.00,8680000,16.39
2007-08-27,20.97,21.06,20.83,20.90,4485400,17.13
2007-08-24,20.57,20.95,20.30,20.93,3929200,17.16
2007-08-23,20.47,20.63,20.10,20.40,8413700,16.72
2007-08-22,20.50,20.50,20.22,20.45,5875500,16.76
2007-08-21,21.00,21.00,20.21,20.35,4188500,16.68
2007-08-20,21.15,21.25,20.23,20.38,4789600,16.70
2007-08-17,20.21,20.60,19.98,20.55,11492700,16.84
2007-08-16,19.60,20.00,19.21,19.78,14564700,16.21
2007-08-15,20.54,20.54,19.70,19.89,9874400,16.30
2007-08-14,20.84,20.84,20.04,20.07,8864500,16.45
2007-08-13,20.80,20.93,20.57,20.83,7064500,17.07
2007-08-10,20.73,20.85,20.14,20.52,9085900,16.82
2007-08-09,20.90,21.50,20.70,20.81,10886400,17.06
2007-08-08,21.04,21.61,20.61,20.96,9716000,17.18
2007-08-07,20.61,20.84,20.51,20.62,9299900,16.90
2007-08-06,20.90,20.99,20.50,20.94,9019700,17.16
2007-08-03,21.20,21.20,20.67,20.71,10376300,16.98
2007-08-02,22.12,22.12,20.95,21.30,8541100,17.46
2007-08-01,21.40,21.64,20.77,21.24,12176600,17.41
2007-07-31,23.00,23.00,21.01,21.12,11473300,17.31
2007-07-30,20.66,21.34,20.50,21.27,14170700,17.43
2007-07-27,21.27,21.60,21.01,21.05,13630200,17.25
2007-07-26,21.92,22.06,21.47,21.60,16916700,17.70
2007-07-25,22.74,22.76,22.12,22.19,15443000,18.19
2007-07-24,22.53,22.77,22.38,22.40,12498100,18.36
2007-07-23,19.02,23.00,19.00,22.72,12860700,18.62
2007-07-20,23.00,23.00,22.53,22.71,17156700,18.61
2007-07-19,22.70,22.88,22.70,22.80,8633600,18.69
2007-07-18,23.40,23.40,22.48,22.60,18960700,18.52
2007-07-17,22.05,22.60,22.00,22.48,19041500,18.43
2007-07-16,21.77,22.00,21.76,21.96,8512400,18.00
2007-07-13,21.32,22.10,21.20,21.97,14236200,18.01
2007-07-12,21.74,22.11,21.63,22.07,13243100,18.09
2007-07-11,21.31,21.63,21.25,21.63,12766200,17.73
2007-07-10,21.56,21.58,21.21,21.27,11459300,17.43
2007-07-09,21.67,21.83,21.60,21.74,11328300,17.82
2007-07-06,21.63,21.73,21.48,21.57,5767900,17.68
2007-07-05,21.13,21.66,21.11,21.64,7176300,17.74
2007-07-03,21.20,21.25,20.97,21.05,6623300,17.25
2007-07-02,21.48,21.48,21.17,21.28,11324100,17.44
2007-06-29,21.40,21.50,21.04,21.21,9028900,17.38
2007-06-28,21.29,21.53,21.10,21.42,9757900,17.56
2007-06-27,21.28,21.43,21.18,21.38,9518500,17.52
2007-06-26,21.95,22.03,21.48,21.51,9142100,17.63
2007-06-25,21.85,22.03,21.66,21.81,7935700,17.88
2007-06-22,21.85,22.08,21.57,21.61,9414000,17.71
2007-06-21,22.16,22.24,21.77,22.08,7567000,18.10
2007-06-20,22.19,22.32,22.03,22.10,6022800,18.11
2007-06-19,21.91,22.14,21.85,22.08,5038800,18.10
2007-06-18,22.00,22.08,21.86,22.00,6225000,18.03
2007-06-15,22.66,22.66,22.15,22.25,24646900,18.24
2007-06-14,22.00,22.63,21.97,22.46,9443400,18.41
2007-06-13,21.81,21.97,21.33,21.94,8933100,17.98
2007-06-12,22.09,22.22,21.69,21.75,11101000,17.83
2007-06-11,21.93,22.28,21.90,22.23,5813900,18.22
2007-06-08,21.70,22.10,21.60,22.00,7017000,18.03
2007-06-07,22.35,22.57,21.96,22.00,8917400,18.03
2007-06-06,23.24,23.24,22.26,22.30,6022000,18.28
2007-06-05,22.46,22.84,22.35,22.47,5082200,18.42
2007-06-04,22.64,22.75,22.50,22.57,6032700,18.50
2007-06-01,22.09,22.68,21.95,22.58,8721800,18.51
2007-05-31,22.50,22.54,21.89,22.09,9003000,18.11
2007-05-30,22.06,22.43,22.00,22.43,5081800,18.38
2007-05-29,22.36,22.41,22.11,22.19,5196600,18.19
2007-05-25,22.20,22.47,22.14,22.36,5920100,18.33
2007-05-24,22.44,22.47,22.00,22.08,11565900,18.10
2007-05-23,22.45,22.57,22.35,22.43,7987900,18.38
2007-05-22,22.31,22.61,22.20,22.39,9287100,18.35
2007-05-21,22.01,22.39,22.00,22.33,7842100,18.30
2007-05-18,21.85,22.10,21.76,22.05,10355700,18.07
2007-05-17,21.70,22.00,21.66,21.73,9614700,17.81
2007-05-16,21.82,22.02,21.63,21.79,11292400,17.86
2007-05-15,21.77,22.12,21.70,21.72,10916700,17.80
2007-05-14,21.55,21.81,21.45,21.74,6162900,17.82
2007-05-11,21.49,21.51,21.29,21.49,11932900,17.61
2007-05-10,21.47,21.54,21.18,21.26,17831000,17.43
2007-05-09,21.79,21.80,21.26,21.33,18424700,17.48
2007-05-08,22.09,22.10,21.65,21.75,10478600,17.83
2007-05-07,22.16,22.24,22.04,22.09,5762400,18.11
2007-05-04,21.75,22.01,21.68,21.87,8600900,17.93
2007-05-03,21.76,21.96,21.54,21.66,16725100,17.75
2007-05-02,21.54,21.78,21.52,21.59,19741000,17.70
2007-05-01,22.55,22.69,21.34,21.45,32046300,17.58
2007-04-30,22.95,23.00,22.34,22.39,8856000,18.35
2007-04-27,23.20,23.20,22.74,22.84,5067700,18.72
2007-04-26,23.25,23.42,23.10,23.20,4570400,19.02
2007-04-25,23.31,23.39,23.11,23.32,4064500,19.11
2007-04-24,23.29,23.45,23.00,23.11,5918200,18.94
2007-04-23,23.97,23.97,23.23,23.28,2754200,19.08
2007-04-20,23.50,23.52,23.14,23.25,9499400,19.06
2007-04-19,24.06,24.06,23.10,23.16,5577400,18.98
2007-04-18,23.49,23.66,23.34,23.58,6173900,19.33
2007-04-17,23.73,23.78,23.54,23.69,6074500,19.42
2007-04-16,23.59,23.80,23.58,23.74,4054000,19.46
2007-04-13,25.40,25.40,23.31,23.56,4037500,19.31
2007-04-12,23.53,23.67,23.25,23.52,4666600,19.28
2007-04-11,23.55,23.59,23.35,23.52,4270100,19.28
2007-04-10,23.50,23.63,23.40,23.60,3224100,19.34
2007-04-09,23.40,23.50,23.27,23.47,2195800,19.24
2007-04-05,23.17,23.37,23.07,23.36,6153300,19.15
2007-04-04,23.51,23.55,23.17,23.28,7679200,19.08
2007-04-03,23.43,23.64,23.35,23.55,5668200,19.30
2007-04-02,23.16,23.35,23.12,23.29,6661700,19.09
2007-03-30,23.00,23.19,22.80,23.12,5944900,18.95
2007-03-29,22.80,22.94,22.60,22.91,5181300,18.78
2007-03-28,23.23,23.23,22.42,22.52,6460700,18.46
2007-03-27,22.83,22.95,22.70,22.75,3874600,18.65
2007-03-26,23.04,23.16,22.74,22.96,6719600,18.82
2007-03-23,23.33,23.49,23.12,23.13,3490000,18.96
2007-03-22,23.40,23.44,23.25,23.33,3145800,19.12
2007-03-21,22.92,23.45,22.74,23.43,4240500,19.20
2007-03-20,22.70,23.00,22.64,22.99,3624500,18.84
2007-03-19,22.67,22.84,22.60,22.78,4629800,18.67
2007-03-16,22.00,22.55,22.00,22.43,10531900,18.38
2007-03-15,22.44,22.50,22.22,22.36,7174800,18.33
2007-03-14,22.50,22.55,22.03,22.44,6640000,18.39
2007-03-13,22.56,22.86,22.43,22.45,6162800,18.40
2007-03-12,22.37,22.80,22.20,22.76,4957900,18.66
2007-03-09,22.70,22.78,22.37,22.48,5399400,18.38
2007-03-08,22.40,22.72,22.29,22.54,6504300,18.43
2007-03-07,22.10,22.36,21.99,22.17,7411400,18.12
2007-03-06,21.83,22.33,21.83,22.26,7021600,18.20
2007-03-05,21.78,21.98,21.51,21.73,8711100,17.76
2007-03-02,21.95,22.22,21.80,22.02,10927900,18.00
2007-03-01,22.25,22.50,21.76,22.21,12362400,18.16
2007-02-28,22.33,22.69,22.21,22.53,11101000,18.42
2007-02-27,23.44,23.60,22.22,22.37,12853400,18.29
2007-02-26,23.61,23.75,23.36,23.43,7079000,19.15
2007-02-23,23.80,23.90,23.50,23.61,5952600,19.30
2007-02-22,23.74,23.85,23.64,23.70,6398200,19.37
2007-02-21,23.80,24.10,23.69,23.70,6970400,19.37
2007-02-20,23.55,24.00,23.54,23.98,10742100,19.60
2007-02-16,23.36,23.56,23.15,23.54,12015100,19.24
2007-02-15,23.43,23.55,23.43,23.50,6531400,19.21
2007-02-14,23.47,23.66,23.44,23.55,7831900,19.25
2007-02-13,23.16,23.49,23.04,23.47,6110600,19.19
2007-02-12,23.50,23.69,23.06,23.09,11388200,18.88
2007-02-09,23.94,23.98,23.40,23.49,9421900,19.20
2007-02-08,23.60,24.05,23.60,23.94,11180300,19.57
2007-02-07,23.40,23.50,23.20,23.34,5192400,19.08
2007-02-06,22.85,23.03,22.80,22.98,3813800,18.79
2007-02-05,23.08,23.23,22.78,22.99,8493200,18.79
2007-02-02,23.21,23.46,23.15,23.32,2959700,19.06
2007-02-01,23.40,23.40,23.08,23.20,5875800,18.97
2007-01-31,23.09,23.33,23.07,23.25,7944800,19.01
2007-01-30,22.86,23.07,22.75,23.07,4724800,18.86
2007-01-29,22.97,22.97,22.69,22.82,6354300,18.65
2007-01-26,22.98,23.10,22.75,22.90,8247400,18.72
2007-01-25,23.36,23.40,22.98,23.01,5726300,18.81
2007-01-24,23.25,23.34,22.91,23.30,6302100,19.05
2007-01-23,22.84,23.27,22.78,23.21,7409600,18.97
2007-01-22,22.95,23.00,22.65,22.78,7432400,18.62
2007-01-19,23.05,23.23,22.89,23.01,7705800,18.81
2007-01-18,22.80,23.01,22.72,22.96,11923600,18.77
2007-01-17,22.80,22.86,22.48,22.56,6470800,18.44
2007-01-16,22.52,22.85,22.34,22.75,7073800,18.60
2007-01-12,22.51,22.63,22.35,22.52,8219100,18.41
2007-01-11,22.50,22.75,22.43,22.59,9810200,18.47
2007-01-10,21.89,22.45,21.88,22.43,10354900,18.34
2007-01-09,21.62,21.91,21.55,21.86,5733900,17.87
2007-01-08,21.29,21.58,21.15,21.51,5741200,17.58
2007-01-05,21.34,21.46,21.14,21.26,5897300,17.38
2007-01-04,21.25,21.54,21.22,21.26,10264200,17.38
2007-01-03,21.55,21.69,21.36,21.47,9244300,17.55
2006-12-29,21.58,21.65,21.39,21.48,3570400,17.56
2006-12-28,21.75,21.85,21.67,21.70,3471300,17.74
2006-12-27,21.55,21.78,21.01,21.75,6981700,17.78
2006-12-26,21.50,21.55,21.28,21.40,3226400,17.49
2006-12-22,21.83,21.90,21.47,21.53,5487800,17.60
2006-12-21,21.56,21.75,21.48,21.58,4873000,17.64
2006-12-20,21.80,21.81,21.46,21.55,4061300,17.62
2006-12-19,21.40,21.79,21.31,21.75,7475900,17.78
2006-12-18,21.28,21.47,21.12,21.42,6601700,17.51
2006-12-15,21.15,21.34,21.13,21.19,8811800,17.32
2006-12-14,21.20,21.27,20.99,21.13,6303900,17.27
2006-12-13,21.38,21.50,21.12,21.28,4034600,17.40
2006-12-12,21.33,21.40,21.15,21.18,6967000,17.31
2006-12-11,21.43,21.50,21.24,21.37,5474400,17.47
2006-12-08,21.47,21.70,21.34,21.63,5500700,17.68
2006-12-07,21.15,21.94,21.00,21.46,12300800,17.54
2006-12-06,21.12,21.13,20.81,20.82,3077900,17.02
2006-12-05,20.96,21.10,20.85,21.04,5753500,17.20
2006-12-04,20.70,21.04,20.55,21.03,4570400,17.19
2006-12-01,20.65,20.73,20.29,20.48,3755600,16.74
2006-11-30,20.60,20.68,20.37,20.60,5523400,16.84
2006-11-29,20.27,20.57,20.27,20.50,5131200,16.76
2006-11-28,20.21,20.45,20.11,20.36,8035000,16.64
2006-11-27,20.82,20.88,20.47,20.47,6278400,16.73
2006-11-24,21.08,21.18,20.92,20.93,1874500,17.11
2006-11-22,20.90,21.14,20.90,21.12,5172600,17.26
2006-11-21,21.05,21.14,20.95,20.96,13164900,17.13
2006-11-20,21.12,21.25,21.08,21.10,4533900,17.25
2006-11-17,21.23,21.36,21.22,21.27,5858800,17.39
2006-11-16,21.53,21.56,21.39,21.42,5423200,17.51
2006-11-15,21.52,21.55,21.41,21.50,6703700,17.58
2006-11-14,21.50,21.67,21.33,21.57,8975200,17.63
2006-11-13,21.50,21.64,21.43,21.53,6511300,17.60
2006-11-10,21.40,21.63,21.26,21.62,8011700,17.67
2006-11-09,21.10,21.52,20.69,21.28,10810000,17.40
2006-11-08,20.67,20.98,20.59,20.95,3025700,17.13
2006-11-07,20.88,21.04,20.66,20.67,3884400,16.90
2006-11-06,20.65,20.94,20.55,20.90,3667700,17.09
2006-11-03,20.50,20.64,20.39,20.50,4165600,16.76
2006-11-02,20.47,20.54,20.36,20.52,7143100,16.77
2006-11-01,20.97,20.97,20.47,20.49,6510000,16.75
2006-10-31,21.04,21.04,20.82,20.85,5443200,17.04
2006-10-30,20.89,21.04,20.81,21.04,3544900,17.20
2006-10-27,21.04,21.10,20.84,20.86,4868800,17.05
2006-10-26,20.88,21.16,20.88,21.12,3741200,17.26
2006-10-25,21.04,21.06,20.84,20.94,3771200,17.12
2006-10-24,21.58,21.58,20.80,20.99,6777200,17.16
2006-10-23,20.80,21.12,20.77,21.10,3757700,17.25
2006-10-20,21.27,21.27,20.89,20.93,5213600,17.11
2006-10-19,21.04,21.23,20.99,21.15,4087300,17.29
2006-10-18,21.04,21.13,20.90,21.04,6613800,17.20
2006-10-17,20.84,21.03,20.74,21.02,7557300,17.18
2006-10-16,20.80,20.96,20.74,20.85,7146000,17.04
2006-10-13,20.65,20.67,20.50,20.66,4863900,16.89
2006-10-12,20.30,20.67,20.24,20.58,6157200,16.82
2006-10-11,20.32,20.35,20.02,20.15,4825300,16.47
2006-10-10,20.16,20.32,20.09,20.32,6031200,16.61
2006-10-09,19.90,20.19,19.90,20.16,4134800,16.48
2006-10-06,19.52,20.15,19.52,19.95,8102800,16.31
2006-10-05,19.60,19.81,19.46,19.74,7516400,16.14
2006-10-04,19.45,19.57,19.36,19.57,4514600,16.00
2006-10-03,19.41,19.53,19.37,19.51,7174000,15.95
2006-10-02,19.35,19.75,19.35,19.35,5493500,15.82
2006-09-29,19.49,19.76,19.34,19.65,8046300,16.06
2006-09-28,19.61,19.80,19.37,19.40,7101700,15.86
2006-09-27,19.70,19.92,19.54,19.59,13071900,16.01
2006-09-26,19.29,19.86,19.27,19.75,8470400,16.14
2006-09-25,19.13,19.35,19.00,19.28,7515000,15.76
2006-09-22,18.90,19.08,18.89,18.97,2937500,15.51
2006-09-21,19.12,19.31,19.07,19.08,4650500,15.60
2006-09-20,19.17,19.37,19.09,19.20,7787500,15.70
2006-09-19,19.05,19.07,19.00,19.06,5062900,15.58
2006-09-18,19.13,19.27,19.04,19.09,8411400,15.61
2006-09-15,19.05,19.39,18.90,19.31,12135400,15.79
2006-09-14,18.63,18.89,18.53,18.86,5077800,15.42
2006-09-13,18.68,18.75,18.50,18.66,5648200,15.25
2006-09-12,18.52,18.79,18.43,18.78,6052000,15.35
2006-09-11,18.73,18.76,18.45,18.48,4867800,15.11
2006-09-08,18.74,18.88,18.68,18.87,3500500,15.38
2006-09-07,18.76,18.85,18.66,18.69,3526900,15.23
2006-09-06,18.96,19.05,18.64,18.76,5503100,15.29
2006-09-05,19.25,19.30,19.02,19.03,3489100,15.51
2006-09-01,19.18,19.27,18.95,19.27,3400100,15.70
2006-08-31,19.20,19.20,19.01,19.03,3063400,15.51
2006-08-30,19.10,19.16,19.03,19.08,3987000,15.55
2006-08-29,18.90,19.12,18.86,19.10,5905700,15.56
2006-08-28,18.62,18.96,18.56,18.75,5151300,15.28
2006-08-25,18.61,18.80,18.48,18.57,2847600,15.13
2006-08-24,18.63,18.78,18.48,18.60,4229700,15.16
2006-08-23,18.79,18.84,18.53,18.53,6281000,15.10
2006-08-22,18.80,18.83,18.65,18.71,2834000,15.25
2006-08-21,18.57,18.88,18.51,18.81,3032400,15.33
2006-08-18,18.73,18.81,18.63,18.72,4695900,15.25
2006-08-17,18.77,18.86,18.66,18.74,4085100,15.27
2006-08-16,18.95,18.95,18.75,18.77,4410600,15.30
2006-08-15,18.67,18.84,18.66,18.79,5903000,15.31
2006-08-14,18.70,18.82,18.65,18.67,5333400,15.21
2006-08-11,18.94,18.95,18.39,18.55,6389600,15.12
2006-08-10,19.00,19.14,18.87,18.99,8153300,15.47
2006-08-09,19.36,19.40,18.99,19.11,8437400,15.57
2006-08-08,19.35,19.47,19.12,19.34,10006000,15.76
2006-08-07,19.08,19.18,18.84,18.98,4116200,15.47
2006-08-04,19.21,19.35,18.94,19.05,4751300,15.52
2006-08-03,19.13,19.13,18.96,19.06,6847300,15.53
2006-08-02,19.71,19.71,19.13,19.30,5757200,15.73
2006-08-01,19.00,19.27,19.00,19.23,5479600,15.67
2006-07-31,19.20,19.34,19.07,19.24,4143700,15.68
2006-07-28,19.17,19.34,19.12,19.25,4607600,15.69
2006-07-27,19.09,19.23,18.98,19.07,4392900,15.54
2006-07-26,18.85,19.09,18.82,18.99,5218500,15.47
2006-07-25,18.63,18.98,18.57,18.90,6537800,15.40
2006-07-24,18.35,18.63,18.20,18.63,8944000,15.18
2006-07-21,18.50,18.50,18.18,18.19,10295500,14.82
2006-07-20,18.74,18.75,18.42,18.53,9778800,15.10
2006-07-19,18.74,18.83,18.61,18.76,10645200,15.29
2006-07-18,18.68,18.76,18.60,18.74,4351700,15.27
2006-07-17,18.74,18.80,18.53,18.68,6629100,15.22
2006-07-14,19.02,19.06,18.64,18.71,11169700,15.25
2006-07-13,19.31,19.34,19.15,19.17,8287700,15.62
2006-07-12,19.10,19.45,19.08,19.31,11486400,15.74
2006-07-11,19.15,19.16,18.96,19.11,7089100,15.57
2006-07-10,19.10,19.17,19.02,19.06,4405900,15.53
2006-07-07,19.00,19.07,18.82,19.00,4308200,15.48
2006-07-06,18.97,19.13,18.82,18.94,6199000,15.43
2006-07-05,19.20,19.20,18.89,19.00,7706000,15.48
2006-07-03,19.18,19.27,19.02,19.25,2737100,15.69
2006-06-30,19.15,19.26,19.09,19.18,8658400,15.63
2006-06-29,19.20,19.21,18.93,19.19,5962800,15.64
2006-06-28,18.58,18.95,18.58,18.91,5403600,15.41
2006-06-27,18.74,18.76,18.57,18.57,3837800,15.13
2006-06-26,18.60,18.71,18.48,18.71,4085000,15.25
2006-06-23,18.40,18.76,18.34,18.67,5584100,15.21
2006-06-22,18.92,18.98,18.61,18.63,8557300,15.18
2006-06-21,19.05,19.16,18.96,18.98,11860600,15.47
2006-06-20,18.88,19.26,18.83,19.15,16119600,15.60
2006-06-19,18.89,19.00,18.85,18.90,6283100,15.40
2006-06-16,18.96,19.01,18.84,18.89,9959500,15.39
2006-06-15,18.38,19.02,18.37,19.01,10411000,15.49
2006-06-14,18.48,18.52,18.35,18.47,10090000,15.05
2006-06-13,18.58,18.63,18.38,18.39,9745300,14.99
2006-06-12,18.88,18.90,18.69,18.73,8965700,15.26
2006-06-09,18.64,18.80,18.64,18.79,7397900,15.31
2006-06-08,18.80,19.06,18.74,18.84,12241500,15.35
2006-06-07,19.16,19.35,19.04,19.04,6505700,15.52
2006-06-06,19.19,19.28,19.00,19.15,7480200,15.60
2006-06-05,19.52,19.57,19.18,19.19,8322800,15.64
2006-06-02,19.44,19.56,19.34,19.52,6146100,15.91
2006-06-01,19.01,19.49,19.00,19.45,9085400,15.85
2006-05-31,18.94,19.17,18.91,19.07,10449300,15.54
2006-05-30,19.00,19.03,18.82,18.87,6730600,15.38
2006-05-26,18.87,19.03,18.82,19.00,8958100,15.48
2006-05-25,18.74,18.77,18.65,18.75,8868700,15.28
2006-05-24,18.62,18.68,18.47,18.64,8900500,15.19
2006-05-23,18.68,18.76,18.50,18.65,13914200,15.20
2006-05-22,18.86,18.95,18.56,18.71,10904700,15.25
2006-05-19,18.95,19.03,18.82,18.95,12010000,15.44
2006-05-18,18.95,18.99,18.83,18.89,11870100,15.39
2006-05-17,18.95,19.06,18.82,18.95,20514200,15.44
2006-05-16,18.69,19.12,18.63,19.11,21365400,15.57
2006-05-15,18.60,18.67,18.39,18.65,8807600,15.20
2006-05-12,18.45,18.65,18.37,18.40,9121700,14.99
2006-05-11,18.40,18.68,18.40,18.58,18636700,15.14
2006-05-10,17.95,18.05,17.89,18.00,10538000,14.67
2006-05-09,17.65,17.95,17.63,17.90,3633400,14.59
2006-05-08,17.80,17.80,17.57,17.76,5129700,14.47
2006-05-05,17.74,17.85,17.65,17.79,8699800,14.50
2006-05-04,17.32,17.73,17.30,17.66,6512500,14.39
2006-05-03,17.16,17.37,17.12,17.34,6138100,14.13
2006-05-02,17.08,17.21,17.02,17.18,3843400,14.00
2006-05-01,17.11,17.25,17.05,17.10,4049100,13.93
2006-04-28,17.11,17.22,17.01,17.16,3827600,13.98
2006-04-27,16.88,17.21,16.85,17.08,5021600,13.92
2006-04-26,16.74,16.91,16.72,16.87,5273800,13.75
2006-04-25,16.70,16.84,16.65,16.72,6877800,13.62
2006-04-24,16.17,16.80,16.17,16.69,3678200,13.60
2006-04-21,16.73,16.73,16.62,16.67,4535500,13.58
2006-04-20,16.65,16.72,16.62,16.68,4314300,13.59
2006-04-19,16.77,16.84,16.74,16.75,6166000,13.65
2006-04-18,16.83,16.90,16.78,16.89,6287400,13.76
2006-04-17,16.83,16.88,16.73,16.83,3124400,13.71
2006-04-13,16.77,16.97,16.77,16.88,3389000,13.75
2006-04-12,16.82,16.94,16.77,16.92,2988000,13.79
2006-04-11,16.93,16.98,16.76,16.82,4547000,13.71
2006-04-10,17.04,17.04,16.94,17.00,3420900,13.85
2006-04-07,17.14,17.30,16.95,17.00,5721800,13.85
2006-04-06,16.84,17.00,16.79,16.97,4974900,13.83
2006-04-05,16.79,16.94,16.78,16.87,7742500,13.75
2006-04-04,16.72,16.79,16.62,16.77,5004400,13.67
2006-04-03,16.74,16.86,16.60,16.71,7181000,13.62
2006-03-31,16.62,16.67,16.57,16.61,10101100,13.53
2006-03-30,16.44,16.65,16.43,16.64,6452500,13.56
2006-03-29,16.50,16.55,16.48,16.50,4685600,13.45
2006-03-28,16.30,16.55,16.30,16.50,4536600,13.45
2006-03-27,16.48,16.56,16.36,16.53,4933300,13.47
2006-03-24,16.49,16.49,16.40,16.44,3458200,13.40
2006-03-23,16.52,16.58,16.40,16.50,5575500,13.45
2006-03-22,16.45,16.67,16.45,16.55,4994600,13.49
2006-03-21,16.58,16.58,16.40,16.44,4737300,13.40
2006-03-20,16.65,16.68,16.49,16.54,4989400,13.48
2006-03-17,16.87,16.88,16.65,16.69,13475100,13.60
2006-03-16,16.80,16.83,16.70,16.78,4953500,13.67
2006-03-15,16.85,16.96,16.81,16.84,15160100,13.72
2006-03-14,16.71,16.88,16.71,16.86,5775500,13.74
2006-03-13,16.70,16.79,16.69,16.76,8072000,13.66
2006-03-10,16.50,16.77,16.45,16.69,7673200,13.55
2006-03-09,16.54,16.71,16.50,16.52,4131400,13.41
2006-03-08,16.45,16.59,16.44,16.56,6294400,13.45
2006-03-07,16.49,16.52,16.41,16.44,8725100,13.35
2006-03-06,16.60,16.63,16.41,16.48,10521900,13.38
2006-03-03,16.28,16.62,16.27,16.60,7392800,13.48
2006-03-02,16.27,16.37,16.26,16.36,8749300,13.28
2006-03-01,16.35,16.48,16.30,16.37,8215900,13.29
2006-02-28,16.15,16.30,16.15,16.28,7826700,13.22
2006-02-27,16.11,16.32,16.11,16.26,5169800,13.20
2006-02-24,16.30,16.33,16.15,16.22,5123500,13.17
2006-02-23,16.17,16.31,16.14,16.25,6977400,13.19
2006-02-22,16.09,16.17,15.97,16.13,7040500,13.10
2006-02-21,15.99,16.05,15.93,16.02,4342800,13.01
2006-02-17,16.02,16.07,15.99,16.01,3778500,13.00
2006-02-16,16.00,16.07,15.99,16.04,4300300,13.02
2006-02-15,16.15,16.15,15.92,16.05,6241100,13.03
2006-02-14,15.88,16.19,15.80,16.17,7323900,13.13
2006-02-13,15.75,15.86,15.71,15.80,4298500,12.83
2006-02-10,15.55,15.88,15.52,15.76,5494200,12.80
2006-02-09,15.64,15.73,15.50,15.57,10300400,12.64
2006-02-08,15.82,15.89,15.76,15.84,4925600,12.86
2006-02-07,15.77,15.84,15.69,15.72,6115700,12.76
2006-02-06,15.55,15.91,15.53,15.86,5149100,12.88
2006-02-03,15.60,15.71,15.55,15.65,8518000,12.71
2006-02-02,15.76,15.76,15.55,15.67,5604900,12.72
2006-02-01,15.76,15.84,15.57,15.75,8212800,12.79
2006-01-31,15.69,15.76,15.65,15.76,12519600,12.80
2006-01-30,15.83,15.83,15.65,15.72,8696300,12.76
2006-01-27,15.62,15.80,15.60,15.79,13232700,12.82
2006-01-26,15.90,15.94,15.61,15.69,9367700,12.74
2006-01-25,16.16,16.17,15.79,15.86,6222100,12.88
2006-01-24,16.18,16.18,16.09,16.17,6297000,13.13
2006-01-23,16.25,16.30,16.11,16.13,6821400,13.10
2006-01-20,16.20,16.24,16.06,16.14,7529100,13.10
2006-01-19,16.19,16.32,16.05,16.31,5570000,13.24
2006-01-18,16.33,16.33,16.02,16.17,9031600,13.13
2006-01-17,16.10,16.41,16.09,16.38,11739600,13.30
2006-01-13,16.10,16.20,15.98,16.18,5101800,13.14
2006-01-12,16.10,16.25,15.91,15.98,22661000,12.97
2006-01-11,16.15,16.21,16.05,16.20,5640700,13.15
2006-01-10,15.84,16.10,15.74,16.10,9864700,13.07
2006-01-09,15.56,15.84,15.48,15.84,6130400,12.86
2006-01-06,15.35,15.55,15.25,15.51,7152800,12.59
2006-01-05,15.45,15.50,15.21,15.25,4879300,12.38
2006-01-04,15.50,15.55,15.39,15.51,7101800,12.59
2006-01-03,15.68,15.68,15.17,15.39,10350200,12.50
2005-12-30,15.53,15.68,15.50,15.55,3055300,12.63
2005-12-29,15.53,15.78,15.51,15.67,2579700,12.72
2005-12-28,15.63,15.67,15.48,15.49,2701100,12.58
2005-12-27,15.71,15.84,15.54,15.54,2444700,12.62
2005-12-23,15.75,15.85,15.67,15.73,1727600,12.77
2005-12-22,15.60,15.81,15.51,15.73,3517600,12.77
2005-12-21,15.67,15.69,15.41,15.45,3910600,12.54
2005-12-20,15.78,15.78,15.55,15.65,6784900,12.71
2005-12-19,15.85,16.01,15.85,15.87,3576100,12.89
2005-12-16,15.98,16.00,15.82,15.88,6847400,12.89
2005-12-15,15.85,15.92,15.78,15.90,5695700,12.91
2005-12-14,16.10,16.10,15.85,15.90,6393900,12.91
2005-12-13,15.79,16.19,15.77,16.01,11520500,13.00
2005-12-12,15.82,15.89,15.75,15.83,7350100,12.85
2005-12-09,15.69,15.78,15.58,15.75,8286000,12.79
2005-12-08,15.42,15.69,15.35,15.59,16031600,12.66
2005-12-07,15.22,15.34,15.21,15.33,5406300,12.45
2005-12-06,15.18,15.31,15.13,15.27,6391900,12.40
2005-12-05,15.05,15.16,15.01,15.15,11167900,12.30
2005-12-02,15.03,15.17,15.01,15.13,3710200,12.28
2005-12-01,14.91,15.19,14.86,15.11,6845400,12.27
2005-11-30,14.97,14.98,14.79,14.81,6130300,12.02
2005-11-29,15.14,15.16,14.97,14.99,5973200,12.17
2005-11-28,15.12,15.15,15.00,15.11,7990900,12.27
2005-11-25,15.18,15.18,15.06,15.08,3810900,12.24
2005-11-23,15.00,15.16,14.99,15.11,7455400,12.27
2005-11-22,14.81,15.05,14.74,14.99,10706900,12.17
2005-11-21,14.58,14.86,14.53,14.80,8892500,12.02
2005-11-18,14.37,14.56,14.34,14.51,12456000,11.78
2005-11-17,14.51,14.54,14.28,14.39,8360900,11.68
2005-11-16,14.60,14.63,14.39,14.45,10504700,11.73
2005-11-15,14.80,14.80,14.59,14.63,12484300,11.88
2005-11-14,14.88,14.97,14.79,14.81,11391400,12.02
2005-11-11,14.77,14.96,14.77,14.93,12245600,12.12
2005-11-10,14.63,14.69,14.50,14.67,8205000,11.91
2005-11-09,14.51,14.60,14.42,14.56,7604500,11.82
2005-11-08,14.51,14.59,14.39,14.49,6703800,11.76
2005-11-07,14.17,14.54,14.17,14.51,10959500,11.78
2005-11-04,14.49,14.49,14.13,14.17,12345200,11.51
2005-11-03,14.44,14.55,14.37,14.39,9078900,11.68
2005-11-02,14.18,14.45,14.16,14.42,10392500,11.71
2005-11-01,14.33,14.43,14.15,14.24,8112100,11.56
2005-10-31,14.28,14.32,14.15,14.25,10683500,11.57
2005-10-28,14.11,14.20,13.94,14.09,12464700,11.44
2005-10-27,14.52,14.52,14.12,14.14,9913900,11.48
2005-10-26,14.54,14.67,14.49,14.50,6842100,11.77
2005-10-25,14.69,14.72,14.47,14.54,7797200,11.81
2005-10-24,14.52,14.84,14.45,14.82,11038100,12.03
2005-10-21,14.78,14.78,14.41,14.52,12413300,11.79
2005-10-20,14.95,14.96,14.65,14.73,7191700,11.96
2005-10-19,14.78,14.90,14.61,14.89,9840300,12.09
2005-10-18,14.91,14.96,14.83,14.91,5281900,12.11
2005-10-17,14.93,14.99,14.78,14.95,6103100,12.14
2005-10-14,14.91,15.01,14.72,14.98,6068900,12.16
2005-10-13,14.62,14.95,14.60,14.91,10490600,12.11
2005-10-12,14.84,14.97,14.65,14.70,11393900,11.94
2005-10-11,14.85,15.01,14.79,14.85,11090500,12.06
2005-10-10,14.96,14.99,14.70,14.93,8499100,12.12
2005-10-07,15.16,15.17,14.92,14.98,10797400,12.16
2005-10-06,15.07,15.28,15.04,15.10,12032100,12.26
2005-10-05,15.14,15.20,15.04,15.06,13005300,12.23
2005-10-04,15.40,15.40,15.19,15.24,24792100,12.37
2005-10-03,15.60,15.64,15.37,15.41,6978800,12.51
2005-09-30,15.43,15.65,15.43,15.59,8752800,12.66
2005-09-29,15.22,15.54,15.15,15.42,11858200,12.52
2005-09-28,15.29,15.35,15.19,15.22,11130600,12.36
2005-09-27,15.32,15.35,15.23,15.24,12423200,12.37
2005-09-26,15.44,15.45,15.25,15.40,10342500,12.50
2005-09-23,15.50,15.51,15.29,15.35,11136500,12.46
2005-09-22,15.35,15.63,15.34,15.49,16089000,12.58
2005-09-21,15.75,15.77,15.45,15.48,12292100,12.57
2005-09-20,15.99,16.00,15.74,15.79,10466000,12.82
2005-09-19,16.05,16.05,15.93,16.00,11807800,12.99
2005-09-16,15.75,16.16,15.75,16.06,58497000,13.04
2005-09-15,15.86,15.96,15.80,15.88,14071700,12.89
2005-09-14,16.02,16.10,15.80,15.87,12257600,12.89
2005-09-13,16.20,16.21,16.06,16.10,12400200,13.07
2005-09-12,16.25,16.33,16.22,16.30,11683700,13.23
2005-09-09,16.60,16.63,16.45,16.45,7703500,13.30
2005-09-08,16.45,16.59,16.40,16.55,5349200,13.38
2005-09-07,16.38,16.65,16.37,16.52,8051500,13.36
2005-09-06,16.06,16.47,16.05,16.41,9285200,13.27
2005-09-02,16.10,16.11,15.93,15.99,10908700,12.93
2005-09-01,16.11,16.30,16.10,16.16,7244500,13.07
2005-08-31,16.11,16.23,16.00,16.21,9729500,13.11
2005-08-30,16.25,16.25,16.07,16.10,10399700,13.02
2005-08-29,16.25,16.38,16.15,16.35,6324200,13.22
2005-08-26,16.33,16.46,16.31,16.40,4884400,13.26
2005-08-25,16.27,16.42,16.27,16.39,3915400,13.25
2005-08-24,16.45,16.45,16.25,16.30,4802300,13.18
2005-08-23,16.60,16.63,16.49,16.50,5391900,13.34
2005-08-22,17.07,17.07,16.52,16.63,5615500,13.45
2005-08-19,16.85,16.85,16.57,16.60,4799000,13.42
2005-08-18,16.72,16.90,16.72,16.78,6361100,13.57
2005-08-17,16.70,16.95,16.68,16.85,7452100,13.62
2005-08-16,17.05,17.07,16.76,16.86,6203200,13.63
2005-08-15,17.13,17.23,16.97,17.10,7490300,13.83
2005-08-12,17.00,17.21,16.93,17.13,7645700,13.85
2005-08-11,16.93,17.06,16.76,17.00,12004500,13.74
2005-08-10,16.28,16.58,16.22,16.42,7777900,13.28
2005-08-09,16.02,16.18,16.00,16.16,5253100,13.07
2005-08-08,16.29,16.30,16.00,16.04,4592700,12.97
2005-08-05,16.12,16.19,16.00,16.12,5817200,13.03
2005-08-04,16.08,16.22,16.06,16.20,9626100,13.10
2005-08-03,16.25,16.27,16.13,16.20,8004000,13.10
2005-08-02,16.30,16.47,16.27,16.32,5973300,13.19
2005-08-01,16.42,16.44,16.26,16.43,4454500,13.28
2005-07-29,16.58,16.60,16.34,16.38,5170200,13.24
2005-07-28,16.59,16.66,16.48,16.57,6735500,13.40
2005-07-27,16.63,16.69,16.44,16.64,3554700,13.45
2005-07-26,16.56,16.70,16.47,16.66,5521800,13.47
2005-07-25,16.75,16.84,16.48,16.57,3200500,13.40
2005-07-22,16.65,16.78,16.62,16.68,3715100,13.49
2005-07-21,16.67,16.74,16.50,16.60,5394500,13.42
2005-07-20,16.53,16.64,16.37,16.59,6494100,13.41
2005-07-19,16.57,16.66,16.42,16.53,6587100,13.36
2005-07-18,16.64,16.67,16.50,16.57,6126000,13.40
2005-07-15,16.75,16.79,16.57,16.64,4673900,13.45
2005-07-14,16.75,16.89,16.63,16.74,7300600,13.53
2005-07-13,16.54,16.72,16.46,16.68,10836900,13.49
2005-07-12,16.40,16.49,16.28,16.39,6569300,13.25
2005-07-11,16.30,16.40,16.18,16.26,7488800,13.15
2005-07-08,15.97,16.32,15.96,16.21,9729600,13.11
2005-07-07,15.75,16.06,15.66,16.02,12188200,12.95
2005-07-06,16.19,16.19,16.05,16.07,7675800,12.99
2005-07-05,16.01,16.24,15.96,16.19,6182100,13.09
2005-07-01,16.18,16.20,16.03,16.13,8656500,13.04
2005-06-30,16.42,16.47,16.15,16.18,16979400,13.08
2005-06-29,16.37,16.39,16.29,16.31,9803100,13.19
2005-06-28,16.45,16.52,16.39,16.41,10405100,13.27
2005-06-27,16.75,16.75,16.45,16.46,17588100,13.31
2005-06-24,16.71,17.05,15.69,16.90,68027400,13.66
2005-06-23,16.89,16.95,16.59,16.64,13477000,13.45
2005-06-22,16.85,17.01,16.85,16.88,10747400,13.65
2005-06-21,16.81,16.95,16.71,16.80,8447200,13.58
2005-06-20,16.91,16.95,16.79,16.89,10470700,13.66
2005-06-17,17.05,17.20,16.98,17.00,21052200,13.74
2005-06-16,16.68,16.97,16.68,16.75,11258000,13.54
2005-06-15,16.75,16.79,16.46,16.68,8749000,13.49
2005-06-14,16.66,16.72,16.53,16.55,8519200,13.38
2005-06-13,16.30,16.71,16.25,16.66,8797900,13.47
2005-06-10,16.59,16.60,16.13,16.19,8128200,13.09
2005-06-09,16.32,16.55,16.15,16.49,9211000,13.33
2005-06-08,16.50,16.55,16.31,16.31,5373800,13.19
2005-06-07,16.28,16.46,16.14,16.21,4521000,13.11
2005-06-06,16.13,16.21,16.00,16.18,4049900,13.08
2005-06-03,16.13,16.13,15.97,16.02,7236400,12.95
2005-06-02,16.05,16.18,15.98,16.11,5786700,13.02
2005-06-01,16.10,16.24,16.06,16.09,6106400,13.01
2005-05-31,16.46,16.46,16.10,16.13,5936800,13.04
2005-05-27,16.30,16.43,16.25,16.35,4556400,13.22
2005-05-26,16.08,16.16,16.03,16.11,7584900,13.02
2005-05-25,16.04,16.20,15.97,16.11,8228300,13.02
2005-05-24,15.71,16.05,15.68,16.04,12136200,12.97
2005-05-23,15.39,15.67,15.34,15.57,5407300,12.59
2005-05-20,15.27,15.31,15.17,15.26,8447700,12.34
2005-05-19,15.43,15.54,15.39,15.43,7048100,12.47
2005-05-18,15.25,15.42,15.21,15.38,9882900,12.43
2005-05-17,15.10,15.31,15.10,15.19,8432100,12.28
2005-05-16,15.40,15.44,15.28,15.28,9563800,12.35
2005-05-13,15.35,15.51,15.31,15.43,8101900,12.47
2005-05-12,15.40,15.46,15.30,15.32,12789200,12.39
2005-05-11,15.43,15.48,15.22,15.32,8791900,12.39
2005-05-10,15.58,15.59,15.36,15.44,9951100,12.48
2005-05-09,15.83,15.84,15.60,15.75,6090700,12.73
2005-05-06,15.85,15.85,15.30,15.30,9137000,12.37
2005-05-05,15.83,16.00,15.58,15.63,13058800,12.64
2005-05-04,15.61,15.90,15.47,15.83,13132300,12.80
2005-05-03,15.35,15.52,15.26,15.40,13088500,12.45
2005-05-02,15.38,15.52,15.28,15.44,7549800,12.48
2005-04-29,15.21,15.34,15.01,15.28,18008900,12.35
2005-04-28,15.48,15.49,15.10,15.30,16496600,12.37
2005-04-27,15.53,15.64,15.44,15.48,7968100,12.52
2005-04-26,15.68,15.88,15.53,15.60,11658800,12.61
2005-04-25,16.13,16.13,15.78,15.88,16408100,12.84
2005-04-22,16.18,16.23,15.75,15.95,7865000,12.90
2005-04-21,16.04,16.34,16.00,16.26,6371800,13.15
2005-04-20,15.83,16.00,15.79,15.95,6724900,12.90
2005-04-19,16.09,16.15,15.76,16.06,6710200,12.98
2005-04-18,15.90,16.13,15.89,16.10,8244200,13.02
2005-04-15,16.28,16.50,16.00,16.00,12936600,12.94
2005-04-14,16.40,16.53,16.29,16.29,13814400,13.17
2005-04-13,16.79,16.84,16.56,16.66,9071900,13.47
2005-04-12,16.70,16.95,16.54,16.84,5651300,13.61
2005-04-11,16.94,16.94,16.69,16.80,3084200,13.58
2005-04-08,16.99,17.10,16.80,16.82,8950800,13.60
2005-04-07,16.80,17.00,16.60,17.00,12072200,13.74
2005-04-06,16.78,16.82,16.66,16.73,15223200,13.53
2005-04-05,16.70,16.80,16.62,16.77,13280700,13.56
2005-04-04,16.58,17.23,16.55,16.67,16622100,13.48
2005-04-01,17.02,17.15,16.85,16.95,8558300,13.70
2005-03-31,17.05,17.20,16.86,16.92,10341600,13.68
2005-03-30,17.00,17.18,16.84,17.15,13490300,13.87
2005-03-29,17.11,17.14,16.83,16.88,13006200,13.65
2005-03-28,17.40,17.44,17.08,17.11,8286300,13.83
2005-03-24,17.31,17.42,17.21,17.23,6353900,13.93
2005-03-23,17.45,17.51,17.27,17.31,11524200,13.99
2005-03-22,17.80,17.86,17.47,17.47,12765300,14.12
2005-03-21,18.23,18.24,17.85,17.89,52742700,14.46
2005-03-18,17.84,18.10,17.70,18.00,26394000,14.55
2005-03-17,17.50,17.78,17.47,17.67,20769100,14.29
2005-03-16,17.27,17.39,17.21,17.36,9205100,14.04
2005-03-15,17.34,17.63,17.33,17.40,13828200,14.07
2005-03-14,17.20,17.36,17.20,17.34,9506400,14.02
2005-03-11,17.35,17.47,17.21,17.23,7461300,13.89
2005-03-10,17.10,17.39,17.10,17.28,15823400,13.93
2005-03-09,17.31,17.31,17.15,17.21,9125300,13.87
2005-03-08,17.46,17.54,17.27,17.32,6955100,13.96
2005-03-07,17.48,17.60,17.45,17.55,10240400,14.15
2005-03-04,17.48,17.63,17.40,17.57,11280200,14.16
2005-03-03,16.92,17.39,16.79,17.28,36429600,13.93
2005-03-02,16.70,16.96,16.61,16.80,13556600,13.54
2005-03-01,16.45,16.65,16.40,16.56,11061700,13.35
2005-02-28,16.79,16.81,16.45,16.64,10253200,13.41
2005-02-25,16.49,16.84,16.49,16.79,11352900,13.54
2005-02-24,16.48,16.56,16.41,16.47,5624500,13.28
2005-02-23,16.33,17.17,16.21,16.50,10914200,13.30
2005-02-22,16.60,16.70,16.39,16.40,7997400,13.22
2005-02-18,16.94,16.94,16.76,16.87,7958200,13.60
2005-02-17,16.92,17.04,16.88,16.97,9151900,13.68
2005-02-16,16.83,17.04,16.79,16.95,6048200,13.66
2005-02-15,16.75,17.00,16.73,16.88,11510000,13.61
2005-02-14,16.95,17.02,16.79,16.81,7342400,13.55
2005-02-11,16.84,17.07,16.73,17.00,9034400,13.70
2005-02-10,16.75,16.93,16.69,16.89,9145900,13.62
2005-02-09,16.84,16.84,16.70,16.76,9146200,13.51
2005-02-08,16.92,16.95,16.76,16.86,8098300,13.59
2005-02-07,17.05,17.12,16.93,17.01,9275900,13.71
2005-02-04,16.83,17.06,16.72,17.05,20414000,13.74
2005-02-03,16.55,16.74,16.50,16.70,27550700,13.46
2005-02-02,17.15,17.25,16.90,17.02,19506300,13.72
2005-02-01,17.00,17.00,16.83,16.90,10075700,13.62
2005-01-31,16.81,17.00,16.78,17.00,11173700,13.70
2005-01-28,16.82,16.88,16.54,16.75,14364700,13.50
2005-01-27,16.98,17.03,16.88,16.92,8087800,13.64
2005-01-26,16.88,17.04,16.70,16.98,13122000,13.69
2005-01-25,16.85,16.95,16.70,16.79,10271300,13.54
2005-01-24,16.91,16.98,16.83,16.85,9819000,13.58
2005-01-21,16.73,17.05,16.70,16.91,15709200,13.63
2005-01-20,16.50,16.75,16.50,16.64,11180100,13.41
2005-01-19,16.85,16.90,16.73,16.74,11176200,13.49
2005-01-18,16.70,16.93,16.63,16.91,14008600,13.63
2005-01-14,16.90,17.01,16.84,16.86,13676200,13.59
2005-01-13,17.20,17.21,16.99,17.05,13337400,13.74
2005-01-12,17.00,17.30,17.00,17.26,29845900,13.91
2005-01-11,17.13,17.18,16.90,16.93,27975700,13.65
2005-01-10,17.10,17.43,17.05,17.13,74152100,13.81
2005-01-07,18.05,18.05,17.61,17.65,8022700,14.23
2005-01-06,18.02,18.03,17.78,17.90,9398400,14.43
2005-01-05,18.31,18.38,18.11,18.14,9243600,14.62
2005-01-04,18.67,18.69,18.21,18.31,10037200,14.76
2005-01-03,18.66,18.88,18.64,18.71,9655200,15.08
2004-12-31,18.70,18.71,18.60,18.66,4303600,15.04
2004-12-30,18.65,18.68,18.57,18.65,3009300,15.03
2004-12-29,18.65,18.71,18.58,18.63,4602500,15.02
2004-12-28,18.58,18.77,18.53,18.73,6241700,15.10
2004-12-27,18.51,18.66,18.48,18.57,5330400,14.97
2004-12-23,18.53,18.55,18.42,18.55,5609900,14.95
2004-12-22,18.62,18.67,18.49,18.53,13407900,14.94
2004-12-21,18.52,18.74,18.47,18.59,16511600,14.99
2004-12-20,18.53,18.65,18.40,18.46,32774400,14.88
2004-12-17,18.30,18.65,18.04,18.65,451763000,15.03
2004-12-16,18.40,18.77,18.13,18.21,29821000,14.68
2004-12-15,18.00,18.48,17.92,18.37,23632800,14.81
2004-12-14,17.82,17.90,17.72,17.80,12809400,14.35
2004-12-13,17.92,17.95,17.69,17.88,8310900,14.41
2004-12-10,17.65,17.82,17.32,17.68,9988600,14.25
2004-12-09,17.02,17.43,17.02,17.35,10195000,13.99
2004-12-08,17.30,17.36,17.12,17.22,8634300,13.88
2004-12-07,17.74,17.76,17.51,17.55,6378500,14.15
2004-12-06,17.73,17.84,17.65,17.69,5935700,14.26
2004-12-03,17.75,17.87,17.67,17.75,8420700,14.31
2004-12-02,18.04,18.13,17.91,17.93,7410800,14.45
2004-12-01,17.69,18.03,17.68,18.00,8604200,14.51
2004-11-30,17.65,17.78,17.64,17.69,13904300,14.26
2004-11-29,17.70,17.74,17.62,17.70,5549700,14.27
2004-11-26,17.69,17.73,17.65,17.67,3803500,14.24
2004-11-24,17.53,17.74,17.52,17.69,5665500,14.26
2004-11-23,17.60,17.71,17.50,17.53,7775900,14.13
2004-11-22,17.56,17.90,17.56,17.80,7915700,14.35
2004-11-19,18.10,18.16,17.99,17.99,6047700,14.50
2004-11-18,18.11,18.16,17.93,18.03,6499300,14.53
2004-11-17,18.40,18.43,18.15,18.20,18858200,14.67
2004-11-16,17.73,17.88,17.58,17.63,5018700,14.21
2004-11-15,17.75,17.87,17.59,17.84,5053900,14.38
2004-11-12,17.45,17.78,17.39,17.66,6320200,14.24
2004-11-11,17.50,17.54,17.27,17.40,4990400,14.03
2004-11-10,17.45,17.60,17.30,17.38,5733400,14.01
2004-11-09,17.14,17.48,17.06,17.29,7193700,13.94
2004-11-08,17.10,17.29,16.95,17.10,13756700,13.78
2004-11-05,17.70,17.85,17.60,17.76,9837100,14.32
2004-11-04,17.09,17.80,17.06,17.58,13717200,14.17
2004-11-03,16.57,17.20,16.25,17.19,23921300,13.86
2004-11-02,31.90,32.97,31.90,32.86,21043400,13.24
2004-11-01,31.15,31.67,31.12,31.22,13511300,12.58
2004-10-29,31.58,31.67,31.40,31.44,9417100,12.67
2004-10-28,31.80,32.54,31.80,32.10,6968300,12.94
2004-10-27,31.98,32.50,31.81,32.37,8449000,13.05
2004-10-26,31.50,31.88,31.35,31.70,11178700,12.78
2004-10-25,30.28,31.39,30.15,31.25,7518700,12.60
2004-10-22,30.48,30.60,30.25,30.27,6281200,12.20
2004-10-21,30.85,30.98,30.60,30.85,7939300,12.43
2004-10-20,31.10,31.39,30.98,31.21,3804800,12.58
2004-10-19,31.92,31.95,31.33,31.48,4889100,12.69
2004-10-18,31.75,32.15,31.70,31.94,4734400,12.87
2004-10-15,32.00,32.10,31.95,32.10,1947000,12.94
2004-10-14,32.00,32.35,31.81,31.90,5201500,12.86
2004-10-13,31.82,31.99,31.76,31.88,6819800,12.85
2004-10-12,31.60,31.82,31.50,31.69,2792400,12.77
2004-10-11,31.95,32.10,31.84,31.99,2282700,12.89
2004-10-08,31.55,32.05,31.53,31.72,6094200,12.79
2004-10-07,31.95,32.11,31.74,31.78,4223200,12.81
2004-10-06,31.74,32.23,31.73,32.14,4935000,12.95
2004-10-05,31.65,32.12,31.55,32.06,7818400,12.92
2004-10-04,31.70,32.36,31.70,32.32,4062900,13.03
2004-10-01,31.33,31.65,31.28,31.41,2721500,12.66
2004-09-30,31.08,31.43,31.08,31.33,3657000,12.63
2004-09-29,31.38,31.59,31.21,31.54,3879300,12.71
2004-09-28,30.98,31.27,30.95,31.20,2222300,12.58
2004-09-27,31.08,31.45,30.91,31.26,4037600,12.60
2004-09-24,31.20,31.38,31.06,31.24,2268300,12.59
2004-09-23,31.30,31.54,31.24,31.44,2038900,12.67
2004-09-22,31.99,32.16,31.55,31.55,4335100,12.72
2004-09-21,32.36,32.66,32.26,32.61,2096900,13.14
2004-09-20,32.18,32.63,32.15,32.36,1819100,13.04
2004-09-17,32.68,32.70,32.30,32.53,1496000,13.11
2004-09-16,32.15,32.70,32.10,32.56,2885600,13.12
2004-09-15,32.15,32.20,31.82,32.04,5817100,12.91
2004-09-14,30.90,31.49,30.82,31.44,5429500,12.67
2004-09-13,30.50,30.56,30.25,30.35,2724400,12.19
2004-09-10,29.90,30.28,29.90,30.20,2270700,12.13
2004-09-09,29.98,29.98,29.71,29.90,3117500,12.01
2004-09-08,29.63,30.10,29.63,29.97,2837600,12.04
2004-09-07,29.55,29.96,29.55,29.62,2989300,11.90
2004-09-03,29.20,29.64,29.14,29.20,2702000,11.73
2004-09-02,29.33,29.77,29.25,29.69,3196500,11.93
2004-09-01,29.80,29.95,29.64,29.70,2136900,11.93
2004-08-31,29.53,29.83,29.52,29.75,1736400,11.95
2004-08-30,29.48,29.63,29.18,29.63,3208000,11.90
2004-08-27,29.80,29.97,29.62,29.63,1600800,11.90
2004-08-26,29.81,29.86,29.52,29.65,3897700,11.91
2004-08-25,29.80,29.86,29.61,29.74,8003200,11.95
2004-08-24,30.50,30.53,30.04,30.04,2060200,12.07
2004-08-23,30.88,30.94,30.45,30.45,1389800,12.23
2004-08-20,30.12,30.97,30.12,30.80,4893400,12.37
2004-08-19,30.00,30.15,29.70,30.11,5787400,12.09
2004-08-18,30.00,30.42,29.95,30.42,2199700,12.22
2004-08-17,30.30,30.48,30.22,30.22,2640200,12.14
2004-08-16,30.12,30.60,30.12,30.41,2352700,12.21
2004-08-13,29.81,30.33,29.81,30.23,2080300,12.14
2004-08-12,29.65,29.85,29.20,29.80,3748900,11.97
2004-08-11,30.40,30.46,29.80,29.80,6537700,11.97
2004-08-10,30.28,30.50,30.25,30.40,3450700,12.21
2004-08-09,30.50,30.63,30.09,30.25,2666900,12.15
2004-08-06,30.35,30.75,30.14,30.14,4167500,12.11
2004-08-05,30.80,30.83,30.35,30.35,3555300,12.19
2004-08-04,31.05,31.28,30.35,30.58,7633700,12.28
2004-08-03,32.15,32.19,31.90,32.02,2321500,12.86
2004-08-02,31.60,32.00,31.58,31.78,2318300,12.77
2004-07-30,32.25,32.25,31.50,31.77,2249700,12.76
2004-07-29,31.50,31.87,31.18,31.87,4259400,12.80
2004-07-28,31.60,31.75,31.30,31.67,2352700,12.72
2004-07-27,32.15,32.15,31.50,31.85,2767700,12.79
2004-07-26,32.25,32.25,31.73,31.92,1616200,12.82
2004-07-23,31.90,32.05,31.84,31.95,2372600,12.83
2004-07-22,32.10,32.36,31.70,32.32,3283400,12.98
2004-07-21,32.85,32.88,32.10,32.10,4017000,12.89
2004-07-20,32.85,33.02,32.82,32.97,1956500,13.24
2004-07-19,33.20,33.37,32.94,33.25,1643600,13.36
2004-07-16,33.45,33.50,33.09,33.23,3021900,13.35
2004-07-15,32.85,32.88,32.70,32.74,1464800,13.15
2004-07-14,32.70,32.98,32.65,32.67,1243600,13.12
2004-07-13,32.90,32.98,32.72,32.88,1074700,13.21
2004-07-12,33.00,33.03,32.52,32.78,1818800,13.17
2004-07-09,32.70,32.85,32.40,32.60,1249000,13.09
2004-07-08,32.75,32.85,32.27,32.37,2311500,13.00
2004-07-07,33.25,33.31,33.06,33.11,2403600,13.30
2004-07-06,33.00,33.00,32.80,32.88,1163900,13.21
2004-07-02,32.96,33.12,32.93,33.08,1048000,13.29
2004-07-01,33.12,33.12,32.64,32.96,3909900,13.24
2004-06-30,32.95,32.96,32.61,32.88,3723600,13.21
2004-06-29,32.30,32.88,32.30,32.70,1667400,13.13
2004-06-28,33.00,33.02,32.75,32.80,2184000,13.17
2004-06-25,32.78,32.98,32.66,32.82,1544900,13.18
2004-06-24,32.30,33.00,32.21,32.66,7531400,13.12
2004-06-23,32.25,32.70,31.90,32.52,15828300,13.06
2004-06-22,33.40,33.53,33.10,33.34,2775800,13.39
2004-06-21,33.95,34.03,33.52,33.67,3814300,13.52
2004-06-18,33.65,33.80,33.52,33.73,1441000,13.55
2004-06-17,33.65,33.65,33.33,33.50,1276400,13.46
2004-06-16,33.60,33.90,33.34,33.40,1448700,13.42
2004-06-15,33.20,33.65,33.20,33.50,2832200,13.46
2004-06-14,33.73,33.73,33.15,33.20,1443900,13.34
2004-06-10,33.60,33.74,33.45,33.73,937200,13.55
2004-06-09,33.55,33.68,33.28,33.34,1807500,13.39
2004-06-08,34.10,34.20,33.95,34.04,1843800,13.67
2004-06-07,34.60,34.60,33.32,34.43,3414100,13.83
2004-06-04,33.70,33.81,33.40,33.65,2711500,13.52
2004-06-03,33.85,33.98,33.16,33.20,3359700,13.34
2004-06-02,34.12,34.12,33.73,33.94,1986200,13.63
2004-06-01,34.27,34.27,33.58,33.78,1996100,13.57
2004-05-28,33.80,34.20,33.80,34.06,2749100,13.68
2004-05-27,34.50,34.55,34.02,34.20,3045000,13.74
2004-05-26,33.82,34.20,33.82,34.00,1862300,13.66
2004-05-25,33.02,33.78,32.97,33.72,2587900,13.54
2004-05-24,32.82,33.10,32.82,33.02,2264600,13.26
2004-05-21,33.15,33.15,32.72,32.74,1740500,13.15
2004-05-20,32.97,32.98,32.50,32.60,2236800,13.09
2004-05-19,33.10,33.50,32.91,32.98,2831300,13.25
2004-05-18,33.00,33.06,32.50,33.04,4237700,13.27
2004-05-17,31.95,32.27,31.94,32.24,2977800,12.95
2004-05-14,32.92,32.92,32.34,32.58,3220700,13.09
2004-05-13,32.80,33.03,32.30,33.00,3306300,13.26
2004-05-12,32.60,32.79,32.37,32.75,5087800,13.15
2004-05-11,32.50,32.68,32.35,32.55,5729000,13.07
2004-05-10,33.05,33.09,32.33,32.53,5018100,13.07
2004-05-07,33.95,34.14,33.65,33.66,4616500,13.52
2004-05-06,34.70,34.75,33.62,33.81,6750100,13.58
2004-05-05,34.40,34.75,34.39,34.64,3446000,13.91
2004-05-04,34.20,34.51,34.00,34.46,3246300,13.84
2004-05-03,33.75,33.89,33.56,33.72,2549700,13.54
2004-04-30,34.15,34.20,33.74,33.75,1835400,13.56
2004-04-29,33.85,34.15,33.75,33.75,2347900,13.56
2004-04-28,34.60,34.64,34.19,34.21,2490800,13.74
2004-04-27,35.10,35.41,35.04,35.16,3124000,14.12
2004-04-26,35.55,35.55,34.90,35.16,1341600,14.12
2004-04-23,35.90,35.90,35.40,35.68,2212300,14.33
2004-04-22,35.55,36.10,35.52,35.96,4188800,14.44
2004-04-21,35.35,35.36,35.01,35.25,2789200,14.16
2004-04-20,35.05,35.45,35.03,35.05,2859800,14.08
2004-04-19,34.90,35.34,34.85,35.14,3214600,14.11
2004-04-16,34.25,34.50,34.06,34.40,3036700,13.82
2004-04-15,34.15,34.28,34.00,34.27,2729900,13.77
2004-04-14,34.05,34.60,34.05,34.45,3172500,13.84
2004-04-13,34.75,34.97,34.24,34.28,4912400,13.77
2004-04-12,35.72,35.93,35.40,35.40,4585700,14.22
2004-04-08,36.10,36.12,35.47,35.72,5501500,14.35
2004-04-07,35.60,36.13,35.45,36.10,12712300,14.50
2004-04-06,35.00,35.10,33.94,35.03,25830400,14.07
2004-04-05,32.70,33.00,32.54,32.89,4943600,13.21
2004-04-02,32.70,33.00,32.38,32.55,4500800,13.07
2004-04-01,32.30,32.50,32.07,32.50,4214800,13.05
2004-03-31,31.60,31.79,31.37,31.71,3247400,12.74
2004-03-30,30.95,31.23,30.67,31.20,2690000,12.53
2004-03-29,30.80,30.84,30.67,30.75,1878600,12.35
2004-03-26,30.60,30.74,30.50,30.55,2117500,12.27
2004-03-25,30.32,30.86,30.30,30.75,3233600,12.35
2004-03-24,30.30,30.46,30.18,30.30,1986800,12.17
2004-03-23,30.70,30.70,30.28,30.47,5641800,12.24
2004-03-22,30.68,30.68,29.93,30.15,6018100,12.06
2004-03-19,31.08,31.08,30.71,30.79,5672200,12.32
2004-03-18,31.18,31.18,30.82,31.04,6030800,12.42
2004-03-17,31.05,31.29,30.82,31.18,10507400,12.48
2004-03-16,31.13,31.25,30.95,30.95,1916400,12.38
2004-03-15,31.35,31.35,30.79,30.95,1458400,12.38
2004-03-12,31.10,31.53,31.09,31.53,2315100,12.62
2004-03-11,30.95,31.28,30.70,31.03,4232700,12.42
2004-03-10,31.30,31.47,31.04,31.05,5312900,12.42
2004-03-09,32.20,32.20,31.79,31.90,1980500,12.76
2004-03-08,32.48,32.62,32.09,32.15,1882900,12.86
2004-03-05,32.48,32.85,32.48,32.76,3002200,13.11
2004-03-04,32.32,32.57,32.30,32.48,2323300,13.00
2004-03-03,32.00,32.40,31.99,32.32,2502100,12.93
2004-03-02,32.75,32.82,32.08,32.11,3777400,12.85
2004-03-01,32.90,32.95,32.67,32.91,3207800,13.17
2004-02-27,32.85,32.94,32.63,32.73,4204700,13.10
2004-02-26,32.50,32.82,32.35,32.70,2998400,13.08
2004-02-25,32.25,32.46,32.10,32.39,3724900,12.96
2004-02-24,32.10,32.37,32.10,32.33,3412000,12.94
2004-02-23,32.30,32.35,31.86,32.00,5050300,12.80
2004-02-20,33.05,33.05,31.98,32.04,4727900,12.82
2004-02-19,33.70,33.70,32.61,32.80,5089200,13.12
2004-02-18,34.10,34.10,33.49,33.56,4835600,13.43
2004-02-17,34.00,34.20,33.85,34.10,5519100,13.64
2004-02-13,33.70,33.75,33.45,33.70,4355700,13.48
2004-02-12,33.81,33.81,33.29,33.40,5995200,13.36
2004-02-11,33.40,33.76,33.20,33.66,9536100,13.47
2004-02-10,32.90,33.20,32.80,33.20,10046000,13.28
2004-02-09,32.45,32.78,32.43,32.63,4580700,13.06
2004-02-06,31.45,32.15,31.45,32.11,2619900,12.85
2004-02-05,31.60,31.69,31.34,31.45,3030500,12.58
2004-02-04,31.87,31.88,31.58,31.65,2371000,12.66
2004-02-03,31.55,31.95,31.55,31.85,3319400,12.74
2004-02-02,32.02,32.30,31.92,32.00,3037100,12.80
2004-01-30,31.65,32.18,31.59,32.06,2414100,12.83
2004-01-29,32.03,32.03,31.32,31.80,6779500,12.72
2004-01-28,32.55,32.60,31.70,32.10,8499500,12.84
2004-01-27,33.18,33.20,32.48,32.86,4558700,13.15
2004-01-26,33.40,33.57,32.85,33.22,2587700,13.29
2004-01-23,33.50,33.55,33.26,33.44,5669200,13.38
2004-01-22,32.95,33.25,32.95,33.15,7446500,13.26
2004-01-21,32.75,32.95,32.47,32.95,7906500,13.18
2004-01-20,32.05,32.50,32.00,32.35,5768600,12.94
2004-01-16,31.57,31.79,31.56,31.76,4349800,12.71
2004-01-15,31.65,32.08,31.58,32.00,5413900,12.80
2004-01-14,31.50,31.92,31.50,31.77,7556500,12.71
2004-01-13,31.50,31.70,31.29,31.29,11747400,12.52
2004-01-12,31.95,31.95,31.40,31.91,17523800,12.77
2004-01-09,30.72,31.17,30.65,31.02,29990700,12.41
2004-01-08,30.90,30.95,30.67,30.80,7218500,12.32
2004-01-07,30.84,31.21,30.49,30.70,7318100,12.28
2004-01-06,31.25,31.40,30.92,31.04,7222100,12.42
2004-01-05,31.23,31.32,30.84,30.93,6140100,12.38
2004-01-02,31.02,31.05,30.82,31.00,5553100,12.40
2003-12-31,29.85,30.26,29.84,30.25,4765000,12.10
2003-12-30,29.55,29.66,29.42,29.65,12139100,11.86
2003-12-29,29.19,29.19,28.97,29.01,10540500,11.61
2003-12-26,28.75,28.78,28.64,28.74,5260100,11.50
2003-12-24,29.00,29.00,28.74,28.80,6980500,11.52
2003-12-23,29.10,29.69,28.77,28.80,11752400,11.52
2003-12-22,28.90,29.15,28.65,28.65,5529300,11.46
2003-12-19,28.75,29.00,28.69,28.85,1872700,11.54
2003-12-18,28.70,29.04,28.70,28.96,1767000,11.59
2003-12-17,28.90,28.99,28.76,28.96,1260300,11.59
2003-12-16,28.95,29.02,28.73,29.02,1995200,11.61
2003-12-15,29.70,29.70,29.05,29.06,2697100,11.63
2003-12-12,28.75,28.92,28.70,28.86,2280300,11.55
2003-12-11,28.23,28.64,28.20,28.53,2205800,11.42
2003-12-10,27.68,27.80,27.62,27.80,865300,11.12
2003-12-09,27.65,27.73,27.50,27.60,1415900,11.04
2003-12-08,27.80,27.83,27.52,27.71,863200,11.09
2003-12-05,28.13,28.13,27.82,27.82,2905300,11.13
2003-12-04,28.15,28.27,28.05,28.22,1813000,11.29
2003-12-03,28.17,28.45,28.17,28.31,2275300,11.33
2003-12-02,28.20,28.33,28.10,28.19,1081000,11.28
2003-12-01,28.28,28.55,28.25,28.55,3294700,11.42
2003-11-28,28.20,28.42,28.20,28.36,342900,11.35
2003-11-26,28.40,28.58,28.32,28.49,1118800,11.40
2003-11-25,28.09,28.49,28.08,28.38,1193100,11.36
2003-11-24,27.80,28.19,27.78,28.09,1270500,11.24
2003-11-21,27.90,28.18,27.90,28.08,2094200,11.24
2003-11-20,28.48,28.70,28.22,28.24,711500,11.30
2003-11-19,28.05,28.52,28.05,28.48,1410200,11.40
2003-11-18,28.30,28.75,28.30,28.50,2832000,11.40
2003-11-17,28.50,28.56,28.00,28.34,1582900,11.34
2003-11-14,28.95,29.12,28.77,28.77,2074500,11.51
2003-11-13,29.35,29.49,29.20,29.35,1847800,11.74
2003-11-12,29.80,29.87,29.52,29.85,1771100,11.94
2003-11-11,29.75,30.10,29.55,29.70,3227500,11.88
2003-11-10,30.60,30.70,30.17,30.25,2292900,12.10
2003-11-07,30.50,31.08,30.48,31.02,3201000,12.41
2003-11-06,30.18,30.67,30.18,30.50,3883200,12.20
2003-11-05,29.75,30.04,29.75,30.02,1846900,12.01
2003-11-04,29.70,30.00,29.62,29.62,2187900,11.85
2003-11-03,29.46,29.70,29.46,29.64,1809300,11.86
2003-10-31,29.50,29.63,29.25,29.50,806600,11.80
2003-10-30,29.55,29.68,29.44,29.55,931400,11.82
2003-10-29,29.25,29.69,29.20,29.46,1951700,11.79
2003-10-28,28.85,29.31,28.82,29.31,3436900,11.73
2003-10-27,28.40,28.92,28.40,28.92,1415400,11.57
2003-10-24,28.60,28.60,28.30,28.30,2013800,11.32
2003-10-23,28.50,28.84,28.50,28.65,911400,11.46
2003-10-22,28.65,28.81,28.49,28.81,1003800,11.53
2003-10-21,28.81,28.89,28.61,28.84,2644500,11.54
2003-10-20,28.72,28.88,28.64,28.86,808200,11.55
2003-10-17,28.55,28.60,28.35,28.37,861900,11.35
2003-10-16,28.62,28.75,28.50,28.58,807500,11.44
2003-10-15,28.65,28.85,28.58,28.67,1826100,11.47
2003-10-14,28.60,28.68,28.33,28.60,1534900,11.44
2003-10-13,28.35,28.74,28.28,28.53,2127700,11.42
2003-10-10,27.85,28.13,27.77,28.06,986600,11.23
2003-10-09,27.85,28.27,27.85,28.00,1675300,11.20
2003-10-08,28.05,28.12,27.71,27.72,1209600,11.09
2003-10-07,27.85,28.05,27.55,28.02,1376200,11.21
2003-10-06,27.90,28.13,27.80,27.95,1251900,11.18
2003-10-03,27.80,28.08,27.69,27.69,2662900,11.08
2003-10-02,27.45,27.65,27.30,27.64,819500,11.06
2003-10-01,26.91,27.62,26.91,27.61,3635000,11.05
2003-09-30,27.25,27.44,27.20,27.29,1370100,10.92
2003-09-29,27.16,27.40,26.98,27.30,1316500,10.92
2003-09-26,27.45,27.45,26.90,27.05,2234100,10.82
2003-09-25,28.20,28.20,27.57,27.80,2103400,11.12
2003-09-24,28.40,28.44,28.20,28.39,3610100,11.36
2003-09-23,28.15,28.43,28.05,28.43,3230000,11.38
2003-09-22,28.65,28.65,28.20,28.34,1527900,11.34
2003-09-19,29.10,29.13,28.61,28.88,1086700,11.56
2003-09-18,29.10,29.38,29.08,29.28,3922800,11.72
2003-09-17,28.75,29.04,28.75,28.85,2232900,11.54
2003-09-16,28.20,28.55,28.15,28.50,1304200,11.40
2003-09-15,28.10,28.12,27.76,27.94,693000,11.18
2003-09-12,28.35,28.36,27.91,28.15,1880700,11.26
2003-09-11,28.40,28.61,28.31,28.50,1263000,11.40
2003-09-10,28.78,28.78,28.38,28.43,2066300,11.38
2003-09-09,28.76,29.16,28.72,28.91,943600,11.57
2003-09-08,28.65,29.35,28.65,29.11,2754300,11.61
2003-09-05,29.00,29.25,28.76,28.97,2477200,11.55
2003-09-04,29.45,29.75,29.45,29.63,1721500,11.82
2003-09-03,29.45,29.96,29.40,29.84,1831500,11.90
2003-09-02,29.20,29.52,29.04,29.45,1509100,11.74
2003-08-29,28.45,28.99,28.45,28.92,1041200,11.53
2003-08-28,28.20,28.30,27.97,28.24,485100,11.26
2003-08-27,27.79,28.21,27.79,28.20,1175600,11.25
2003-08-26,27.68,27.81,27.57,27.79,1091000,11.08
2003-08-25,27.80,27.90,27.49,27.75,490600,11.07
2003-08-22,27.80,27.95,27.70,27.86,2259600,11.11
2003-08-21,27.90,27.95,27.69,27.85,1575900,11.11
2003-08-20,27.75,27.79,27.52,27.79,514800,11.08
2003-08-19,27.57,28.00,27.57,27.78,864800,11.08
2003-08-18,27.45,27.72,27.34,27.66,488700,11.03
2003-08-15,27.48,27.50,27.35,27.45,180600,10.95
2003-08-14,27.00,27.53,27.00,27.51,4267100,10.97
2003-08-13,27.75,27.90,27.46,27.60,3496900,11.01
2003-08-12,26.80,27.36,26.74,27.35,2576400,10.91
2003-08-11,26.61,26.70,26.40,26.70,2384400,10.65
2003-08-08,25.75,25.98,25.75,25.88,993400,10.32
2003-08-07,25.65,25.76,25.38,25.46,1418600,10.15
2003-08-06,25.55,25.77,25.43,25.55,774500,10.19
2003-08-05,25.59,25.68,25.36,25.40,1315600,10.13
2003-08-04,25.80,25.80,25.36,25.59,925200,10.20
2003-08-01,25.70,25.80,25.62,25.75,5705900,10.27
2003-07-31,25.30,25.74,25.30,25.64,700900,10.22
2003-07-30,25.50,25.65,25.26,25.37,779400,10.12
2003-07-29,25.95,26.12,25.81,25.85,3666300,10.31
2003-07-28,26.20,26.50,26.13,26.30,2186700,10.49
2003-07-25,25.90,26.25,25.82,26.25,7340500,10.47
2003-07-24,25.76,25.85,25.60,25.69,4171800,10.24
2003-07-23,25.64,25.69,25.24,25.61,3897700,10.21
2003-07-22,25.25,25.60,25.13,25.45,6777500,10.15
2003-07-21,25.58,25.58,25.02,25.20,2822500,10.05
2003-07-18,25.35,25.63,25.20,25.60,1712900,10.21
2003-07-17,25.30,25.70,25.20,25.38,3873000,10.12
2003-07-16,26.00,26.00,25.30,25.55,4085300,10.19
2003-07-15,26.15,26.15,25.35,25.57,1379000,10.20
2003-07-14,25.90,26.25,25.90,26.06,1629600,10.39
2003-07-11,25.25,25.78,25.20,25.70,899900,10.25
2003-07-10,25.30,25.33,25.03,25.26,986800,10.07
2003-07-09,25.15,25.50,25.04,25.36,2044600,10.11
2003-07-08,25.57,25.75,25.35,25.45,1054700,10.15
2003-07-07,25.50,26.19,25.50,25.92,1022600,10.34
2003-07-03,25.32,25.41,25.24,25.27,292000,10.08
2003-07-02,25.05,25.64,25.05,25.64,580900,10.22
2003-07-01,25.02,25.28,24.78,25.05,1526600,9.99
2003-06-30,24.60,25.07,24.60,25.05,2515700,9.99
2003-06-27,24.58,25.00,24.58,24.68,1698600,9.84
2003-06-26,24.22,24.75,24.15,24.55,2545100,9.79
2003-06-25,24.80,25.20,24.64,24.69,2393200,9.85
2003-06-24,24.55,24.98,24.55,24.80,860900,9.89
2003-06-23,25.20,25.25,24.66,24.82,2059300,9.90
2003-06-20,25.65,25.89,25.40,25.40,1294100,10.13
2003-06-19,26.00,26.25,25.77,25.86,1758200,10.31
2003-06-18,26.23,26.37,25.97,26.00,805000,10.37
2003-06-17,26.59,26.83,26.50,26.64,1160300,10.62
2003-06-16,26.05,26.48,26.05,26.48,1253100,10.56
2003-06-13,27.05,27.05,25.80,25.83,581600,10.30
2003-06-12,26.10,26.36,25.95,26.19,1140600,10.44
2003-06-11,26.05,26.39,25.92,26.37,2535600,10.52
2003-06-10,26.02,26.17,25.76,26.00,1225000,10.37
2003-06-09,26.35,26.35,25.71,25.89,1108900,10.32
2003-06-06,26.74,26.88,26.20,26.46,693200,10.55
2003-06-05,25.95,26.50,25.81,26.45,1149400,10.55
2003-06-04,25.40,26.20,25.40,26.17,1659900,10.44
2003-06-03,25.50,25.65,25.35,25.50,715400,10.17
2003-06-02,25.60,26.06,25.56,25.78,1390500,10.28
2003-05-30,25.25,25.58,25.25,25.51,1551900,10.17
2003-05-29,25.35,25.50,25.05,25.15,981600,10.03
2003-05-28,25.20,25.70,25.15,25.41,1063400,10.13
2003-05-27,24.55,25.43,24.55,25.34,1742600,10.10
2003-05-23,24.95,25.20,24.86,25.01,1416100,9.97
2003-05-22,24.12,25.00,24.12,24.88,1820900,9.92
2003-05-21,23.70,24.17,23.63,24.06,1130600,9.59
2003-05-20,24.00,24.16,23.68,23.94,847400,9.55
2003-05-19,24.50,24.50,23.83,23.84,1218200,9.51
2003-05-16,24.55,24.90,24.51,24.79,1352000,9.89
2003-05-15,24.82,24.98,24.65,24.80,1982500,9.89
2003-05-14,24.88,25.02,24.57,24.89,2173400,9.93
2003-05-13,24.80,25.28,24.55,25.15,1820700,10.03
2003-05-12,24.18,24.54,24.05,24.54,3208000,9.79
2003-05-09,23.95,24.22,23.77,24.20,2703800,9.65
2003-05-08,23.95,24.00,23.63,23.83,1069500,9.50
2003-05-07,23.94,24.10,23.76,24.10,2938600,9.61
2003-05-06,23.90,24.18,23.85,23.99,1412200,9.57
2003-05-05,24.00,24.15,23.77,23.82,1528200,9.50
2003-05-02,23.32,23.87,23.15,23.87,721300,9.52
2003-05-01,23.24,23.64,23.00,23.42,1247900,9.34
2003-04-30,23.50,23.72,23.30,23.46,2391200,9.36
2003-04-29,23.23,23.80,23.20,23.65,1915500,9.43
2003-04-28,22.76,23.30,22.76,23.10,1232900,9.21
2003-04-25,23.00,23.00,22.57,22.87,1701100,9.12
2003-04-24,23.05,23.25,23.00,23.05,1337100,9.19
2003-04-23,23.15,23.50,23.15,23.45,1220700,9.35
2003-04-22,22.37,23.38,22.31,23.25,1714700,9.27
2003-04-21,22.47,22.57,22.26,22.28,727800,8.88
2003-04-17,21.95,22.50,21.74,22.50,921600,8.97
2003-04-16,22.65,22.72,21.88,21.93,2490600,8.74
2003-04-15,22.34,22.75,22.30,22.74,3162500,9.07
2003-04-14,22.15,22.86,22.10,22.61,3373500,9.02
2003-04-11,21.15,22.25,21.00,22.25,7148300,8.87
2003-04-10,21.25,21.40,20.20,21.00,10184800,8.37
2003-04-09,23.40,23.41,22.47,22.52,2503700,8.98
2003-04-08,23.15,23.20,22.86,23.09,956500,9.21
2003-04-07,23.00,23.40,22.90,22.90,1504600,9.13
2003-04-04,22.55,22.68,22.26,22.40,1370600,8.93
2003-04-03,22.71,22.82,22.25,22.32,985000,8.90
2003-04-02,22.55,22.87,22.54,22.67,1307600,9.04
2003-04-01,21.45,22.10,21.44,22.10,1530600,8.81
2003-03-31,21.68,21.68,21.28,21.39,1297000,8.53
2003-03-28,21.92,22.39,21.79,21.79,1207800,8.69
2003-03-27,21.03,21.80,21.03,21.63,9744900,8.63
2003-03-26,22.00,22.00,21.60,21.68,1694300,8.61
2003-03-25,21.10,21.61,21.02,21.50,1200100,8.54
2003-03-24,21.45,21.48,20.77,20.95,2938800,8.32
2003-03-21,22.40,23.02,22.15,22.29,4618500,8.85
2003-03-20,21.20,22.15,20.98,21.89,2072600,8.69
2003-03-19,20.95,21.10,20.70,20.99,1980500,8.34
2003-03-18,21.15,21.21,20.78,20.80,2172700,8.26
2003-03-17,20.00,20.80,19.75,20.80,3611000,8.26
2003-03-14,19.93,20.41,19.93,20.30,1684100,8.06
2003-03-13,19.65,19.84,19.26,19.82,2878200,7.87
2003-03-12,18.95,19.14,18.66,18.95,1966700,7.52
2003-03-11,19.22,19.52,19.01,19.10,1344500,7.58
2003-03-10,19.63,19.65,19.20,19.21,1521400,7.63
2003-03-07,19.73,19.85,19.65,19.80,3343700,7.86
2003-03-06,20.30,20.31,19.90,19.98,1514300,7.93
2003-03-05,20.45,20.46,20.22,20.40,1026200,8.10
2003-03-04,20.95,21.00,20.35,20.45,1491700,8.12
2003-03-03,21.10,21.26,20.74,20.84,1524500,8.28
2003-02-28,20.83,21.05,20.82,20.90,726500,8.30
2003-02-27,20.75,20.83,20.53,20.60,1071300,8.18
2003-02-26,20.60,20.81,20.51,20.65,1335500,8.20
2003-02-25,20.60,20.94,20.35,20.94,2451200,8.32
2003-02-24,22.05,22.05,21.33,21.45,887900,8.52
2003-02-21,21.49,21.63,21.20,21.60,1167000,8.58
2003-02-20,21.70,21.70,21.40,21.50,1420800,8.54
2003-02-19,21.70,21.75,21.50,21.65,1250100,8.60
2003-02-18,21.47,21.73,21.42,21.70,1638200,8.62
2003-02-14,21.30,21.44,21.16,21.37,2822300,8.49
2003-02-13,21.50,21.54,21.00,21.29,1821100,8.45
2003-02-12,22.28,22.35,21.85,22.00,3483800,8.74
2003-02-11,21.75,21.90,21.52,21.65,1604000,8.60
2003-02-10,21.65,21.65,21.30,21.59,1250600,8.57
2003-02-07,21.80,21.80,21.16,21.36,1898100,8.48
2003-02-06,21.47,21.57,21.17,21.45,1106400,8.52
2003-02-05,21.92,22.03,21.52,21.60,1162700,8.58
2003-02-04,21.95,21.96,21.51,21.92,1184200,8.70
2003-02-03,22.05,22.05,21.61,21.73,1941800,8.63
2003-01-31,22.00,22.25,22.00,22.23,2362700,8.83
2003-01-30,22.65,22.70,21.85,21.98,1304500,8.73
2003-01-29,21.95,22.51,21.90,22.49,2040900,8.93
2003-01-28,22.23,22.40,22.01,22.39,1529100,8.89
2003-01-27,22.65,22.80,22.20,22.26,2143100,8.84
2003-01-24,23.41,23.41,22.70,22.87,1587500,9.08
2003-01-23,23.30,23.35,22.86,23.34,3715600,9.27
2003-01-22,22.82,23.11,22.60,22.64,2351100,8.99
2003-01-21,23.53,23.61,23.15,23.16,1645900,9.20
2003-01-17,23.95,23.99,23.64,23.78,1424200,9.44
2003-01-16,24.00,24.11,23.77,23.98,1402500,9.52
2003-01-15,24.41,24.48,23.91,24.02,1829900,9.54
2003-01-14,24.40,24.48,24.18,24.41,1015100,9.69
2003-01-13,24.50,24.75,24.40,24.60,2121300,9.77
2003-01-10,23.94,24.38,23.72,24.34,2251700,9.67
2003-01-09,23.76,24.09,23.72,23.95,3319200,9.51
2003-01-08,23.40,23.71,23.21,23.44,1348800,9.31
2003-01-07,23.60,23.92,23.60,23.82,1631400,9.46
2003-01-06,23.30,24.14,23.30,24.07,2867100,9.56
2003-01-03,23.10,23.23,22.90,23.23,1585400,9.22
2003-01-02,22.00,23.04,22.00,22.98,2285000,9.13
2002-12-31,21.30,22.65,21.30,22.65,1482900,8.99
2002-12-30,21.79,21.84,21.21,21.66,1642300,8.60
2002-12-27,22.15,22.34,21.47,21.67,1586600,8.61
2002-12-26,22.63,22.84,22.35,22.53,563700,8.95
2002-12-24,22.65,22.65,22.34,22.62,351800,8.98
2002-12-23,22.85,22.98,22.60,22.88,900300,9.09
2002-12-20,22.52,22.79,22.40,22.79,800000,9.05
2002-12-19,22.70,22.85,22.15,22.46,884700,8.92
2002-12-18,23.15,23.15,22.32,22.95,2436500,9.11
2002-12-17,22.80,23.50,22.80,23.13,1922800,9.18
2002-12-16,21.95,22.99,21.95,22.99,2612200,9.13
2002-12-13,22.36,22.51,21.78,22.15,1417200,8.80
2002-12-12,22.80,23.07,22.67,22.78,782200,9.05
2002-12-11,22.20,22.72,22.10,22.68,1348200,9.01
2002-12-10,21.92,22.37,21.70,22.13,1938800,8.79
2002-12-09,22.68,22.68,22.03,22.23,1413100,8.83
2002-12-06,22.72,22.92,22.57,22.75,986800,9.03
2002-12-05,23.15,23.24,22.78,22.87,781300,9.08
2002-12-04,23.05,23.48,22.80,23.00,1880900,9.13
2002-12-03,23.95,23.95,23.29,23.46,3425600,9.32
2002-12-02,24.40,24.57,23.80,23.95,4776800,9.51
2002-11-29,23.63,23.95,23.45,23.81,1483300,9.45
2002-11-27,22.51,23.25,22.51,23.20,1692500,9.21
2002-11-26,23.00,23.01,22.40,22.45,1763200,8.91
2002-11-25,23.53,23.66,23.32,23.55,1829000,9.35
2002-11-22,23.50,23.57,23.01,23.37,1657400,9.28
2002-11-21,22.80,23.75,22.80,23.69,2934100,9.41
2002-11-20,21.92,22.52,21.77,22.52,1239900,8.94
2002-11-19,21.62,21.98,21.62,21.77,650600,8.64
2002-11-18,22.10,22.20,21.60,21.66,1223000,8.60
2002-11-15,21.49,22.02,21.40,21.90,3123100,8.70
2002-11-14,20.72,21.40,20.72,21.31,1823800,8.46
2002-11-13,21.00,21.00,20.42,20.72,2124300,8.23
2002-11-12,20.98,21.43,20.98,21.05,1071300,8.36
2002-11-11,21.40,21.44,20.93,21.03,981800,8.35
2002-11-08,21.85,22.19,21.40,21.47,2096000,8.53
2002-11-07,22.24,22.37,21.71,21.90,1582700,8.70
2002-11-06,22.75,23.00,22.23,22.69,3541100,9.01
2002-11-05,21.32,21.68,21.30,21.65,2203500,8.60
2002-11-04,21.25,21.77,21.09,21.51,4684800,8.54
2002-11-01,19.71,20.38,19.58,20.34,1470400,8.08
2002-10-31,19.61,20.00,19.60,19.77,1140800,7.85
2002-10-30,19.55,19.88,19.41,19.61,1463400,7.79
2002-10-29,20.05,20.15,19.36,19.75,2174700,7.84
2002-10-28,20.65,20.75,20.00,20.11,2091400,7.99
2002-10-25,20.00,20.45,19.90,20.45,1510300,8.12
2002-10-24,20.00,20.17,19.70,19.79,4580200,7.86
2002-10-23,19.60,19.93,19.32,19.90,1168600,7.90
2002-10-22,19.60,20.01,19.28,19.44,917100,7.72
2002-10-21,19.31,19.89,19.31,19.75,1681900,7.84
2002-10-18,18.80,19.55,18.75,19.55,1767000,7.76
2002-10-17,18.59,19.09,18.50,18.96,1315600,7.53
2002-10-16,17.95,18.25,17.85,18.07,1506200,7.18
2002-10-15,18.00,18.60,18.00,18.50,2322100,7.35
2002-10-14,17.40,17.64,17.33,17.51,432400,6.95
2002-10-11,17.00,17.89,17.00,17.68,2585700,7.02
2002-10-10,16.05,16.93,15.97,16.78,2291300,6.66
2002-10-09,16.25,16.25,15.90,16.00,1991800,6.35
2002-10-08,16.55,16.84,16.27,16.65,1645400,6.61
2002-10-07,16.62,16.65,15.98,16.10,1943800,6.39
2002-10-04,17.20,17.30,16.47,16.66,1136700,6.62
2002-10-03,17.00,17.25,16.61,17.12,1161600,6.80
2002-10-02,16.83,17.35,16.70,16.70,1552100,6.63
2002-10-01,16.63,17.16,16.40,17.08,1403000,6.78
2002-09-30,16.40,16.80,16.00,16.60,2653600,6.59
2002-09-27,16.90,17.45,16.66,16.70,1046400,6.63
2002-09-26,16.96,17.34,16.78,17.09,2326200,6.79
2002-09-25,17.00,17.17,16.70,17.03,1828400,6.76
2002-09-24,17.10,17.30,16.90,16.94,875000,6.73
2002-09-23,17.00,17.35,16.82,17.18,1859600,6.82
2002-09-20,17.83,17.85,17.17,17.42,1550100,6.92
2002-09-19,18.05,18.17,17.83,17.83,3231800,7.08
2002-09-18,18.00,18.21,17.82,18.15,1151200,7.21
2002-09-17,18.40,18.55,18.28,18.28,550100,7.26
2002-09-16,17.92,18.35,17.90,17.97,680100,7.14
2002-09-13,18.00,18.16,17.79,17.94,913700,7.12
2002-09-12,18.50,18.50,18.06,18.13,1402300,7.20
2002-09-11,18.25,18.70,18.25,18.55,684400,7.37
2002-09-10,17.68,18.23,17.64,18.07,2943600,7.18
2002-09-09,17.47,17.87,17.34,17.78,2903800,7.06
2002-09-06,17.40,18.00,17.25,17.77,2120900,7.06
2002-09-05,17.15,17.47,17.05,17.44,2483100,6.93
2002-09-04,17.35,17.90,17.14,17.80,2476100,7.07
2002-09-03,18.00,18.00,17.49,17.82,2173600,7.08
2002-08-30,17.80,18.46,17.70,18.30,2113600,7.23
2002-08-29,17.80,18.49,17.75,18.20,934300,7.19
2002-08-28,18.50,18.63,18.26,18.31,1520000,7.24
2002-08-27,19.55,19.57,18.92,19.13,1639500,7.56
2002-08-26,19.27,19.78,19.00,19.70,814800,7.79
2002-08-23,19.80,19.80,19.09,19.20,583400,7.59
2002-08-22,19.75,20.11,19.70,20.04,793900,7.92
2002-08-21,19.40,19.89,19.31,19.75,1397500,7.81
2002-08-20,19.80,19.96,19.50,19.83,1026000,7.84
2002-08-19,19.24,20.13,19.24,20.03,1026200,7.92
2002-08-16,18.80,19.48,18.62,19.24,1327300,7.61
2002-08-15,18.50,19.34,18.50,19.34,2067200,7.65
2002-08-14,17.65,18.00,17.50,18.00,2414500,7.12
2002-08-13,17.61,18.05,17.52,17.53,1647700,6.93
2002-08-12,17.19,17.50,17.10,17.38,918900,6.87
2002-08-09,17.25,17.45,16.88,17.19,982500,6.80
2002-08-08,16.80,17.76,16.50,17.65,1954900,6.98
2002-08-07,16.84,16.84,16.32,16.79,1655600,6.64
2002-08-06,15.80,16.42,15.80,16.09,1293400,6.36
2002-08-05,15.80,15.90,15.09,15.32,2106600,6.06
2002-08-02,16.50,16.63,15.76,16.05,1566900,6.34
2002-08-01,16.75,17.00,16.48,16.57,1060000,6.55
2002-07-31,17.05,17.14,16.60,17.00,2572100,6.72
2002-07-30,17.13,17.54,16.89,17.50,1059700,6.92
2002-07-29,16.28,17.23,16.28,17.17,1785300,6.79
2002-07-26,15.60,16.04,15.47,15.85,1543500,6.27
2002-07-25,16.20,16.58,15.55,16.15,1243100,6.38
2002-07-24,15.75,16.82,15.60,16.75,2781000,6.62
2002-07-23,17.00,17.20,16.00,16.48,2308600,6.51
2002-07-22,17.45,17.68,17.05,17.22,1031400,6.81
2002-07-19,18.30,18.32,17.50,17.84,2163400,7.05
2002-07-18,18.95,19.00,18.60,18.65,1442600,7.37
2002-07-17,19.05,19.32,18.70,19.00,1371700,7.51
2002-07-16,18.90,19.21,18.72,18.75,992000,7.41
2002-07-15,19.40,19.40,18.47,19.10,756100,7.55
2002-07-12,19.30,19.50,18.90,19.40,1175600,7.67
2002-07-11,19.17,19.50,18.30,19.48,2039100,7.70
2002-07-10,20.60,20.60,18.95,19.17,1869600,7.58
2002-07-09,20.92,20.92,20.10,20.26,3202400,8.01
2002-07-08,20.30,20.45,19.86,19.88,1909600,7.86
2002-07-05,19.90,20.38,19.90,20.15,2369700,7.97
2002-07-03,18.25,18.65,17.86,18.61,1542200,7.36
2002-07-02,19.14,19.14,18.10,18.28,3216200,7.23
2002-07-01,19.82,19.95,19.05,19.13,2793700,7.56
2002-06-28,18.85,19.75,18.85,19.75,4160300,7.81
2002-06-27,19.28,19.45,18.20,18.62,4486300,7.36
2002-06-26,19.30,19.77,19.03,19.18,5617600,7.58
2002-06-25,20.55,20.75,20.41,20.51,1866400,8.11
2002-06-24,20.35,20.75,20.19,20.42,2310100,8.07
2002-06-21,21.21,21.31,20.80,20.80,1507800,8.22
2002-06-20,21.75,21.79,21.40,21.41,1185600,8.46
2002-06-19,21.85,21.92,21.50,21.51,1084900,8.50
2002-06-18,22.25,22.60,22.18,22.25,844000,8.80
2002-06-17,21.85,22.29,21.85,22.22,1533400,8.78
2002-06-14,21.55,21.72,21.27,21.65,1449100,8.56
2002-06-13,22.02,22.24,21.70,21.70,1522000,8.58
2002-06-12,22.29,22.40,21.60,22.00,2675800,8.70
2002-06-11,22.30,22.75,22.28,22.29,3474500,8.81
2002-06-10,23.73,23.73,22.74,22.75,1413800,8.99
2002-06-07,23.73,23.78,23.52,23.73,675300,9.38
2002-06-06,24.45,24.46,23.60,23.98,1179700,9.48
2002-06-05,24.40,24.68,24.36,24.60,371500,9.72
2002-06-04,24.65,24.75,24.20,24.57,1035700,9.71
2002-06-03,24.95,25.20,24.60,24.60,1101400,9.72
2002-05-31,24.79,25.03,24.50,24.95,1768800,9.86
2002-05-30,24.80,25.02,24.75,24.98,1122000,9.87
2002-05-29,25.36,25.80,25.36,25.54,753400,10.10
2002-05-28,25.50,25.60,25.29,25.36,793900,10.03
2002-05-24,25.40,25.80,25.33,25.50,472900,10.08
2002-05-23,25.40,25.47,25.12,25.44,1337300,10.06
2002-05-22,25.65,25.88,25.45,25.72,993600,10.17
2002-05-21,25.52,25.76,25.50,25.50,1574300,10.08
2002-05-20,25.52,25.71,25.41,25.64,962600,10.14
2002-05-17,26.25,26.25,25.45,25.60,1224300,10.12
2002-05-16,25.32,25.92,25.32,25.65,1142600,10.14
2002-05-15,24.98,26.29,24.96,25.91,3342100,10.24
2002-05-14,24.00,24.22,23.61,24.13,3519800,9.54
2002-05-13,22.25,22.53,22.20,22.53,1001100,8.91
2002-05-10,22.45,22.60,22.36,22.50,1759100,8.89
2002-05-09,22.50,22.82,22.40,22.45,1380500,8.87
2002-05-08,22.35,22.90,22.35,22.72,1449800,8.98
2002-05-07,22.00,22.09,21.83,21.83,1715400,8.63
2002-05-06,21.98,22.34,21.97,22.05,2287900,8.72
2002-05-03,22.70,22.71,22.31,22.59,2083500,8.93
2002-05-02,22.70,22.92,22.69,22.76,2297900,9.00
2002-05-01,22.12,22.75,22.00,22.70,2351100,8.97
2002-04-30,22.18,22.31,22.02,22.16,1638900,8.76
2002-04-29,22.85,22.85,22.15,22.18,2626200,8.77
2002-04-26,23.22,23.35,22.92,23.00,2058400,9.09
2002-04-25,23.35,23.51,23.23,23.30,1634600,9.21
2002-04-24,23.30,23.41,23.13,23.40,1202600,9.25
2002-04-23,23.09,23.35,23.00,23.19,852300,9.17
2002-04-22,23.50,23.50,23.00,23.16,1359300,9.16
2002-04-19,23.00,23.26,22.88,23.26,1082800,9.20
2002-04-18,22.90,23.33,22.89,23.09,1587500,9.13
2002-04-17,23.15,23.30,22.96,23.01,2502600,9.10
2002-04-16,22.50,23.02,22.50,22.95,2038200,9.07
2002-04-15,22.40,22.45,22.18,22.20,1581800,8.78
2002-04-12,22.65,22.86,22.55,22.71,1319600,8.98
2002-04-11,23.20,23.20,22.68,22.84,5471100,9.03
2002-04-10,22.25,22.67,22.24,22.65,4643600,8.95
2002-04-09,22.40,22.50,22.00,22.01,1727800,8.70
2002-04-08,22.75,22.75,22.40,22.70,1891700,8.97
2002-04-05,22.50,22.95,22.48,22.95,1187200,9.07
2002-04-04,22.10,22.43,22.05,22.30,2428300,8.82
2002-04-03,22.27,22.50,22.24,22.40,3422200,8.86
2002-04-02,22.95,22.99,22.50,22.68,2883800,8.97
2002-04-01,23.75,23.75,23.45,23.60,940200,9.33
2002-03-28,23.63,24.00,23.63,24.00,4761600,9.49
2002-03-27,23.40,23.50,23.15,23.48,687800,9.28
2002-03-26,23.55,23.75,23.25,23.30,1211400,9.21
2002-03-25,23.95,23.95,23.50,23.58,499800,9.29
2002-03-22,24.00,24.07,23.65,23.75,732100,9.36
2002-03-21,24.15,24.22,23.91,24.22,834200,9.54
2002-03-20,24.43,24.58,24.30,24.40,1384400,9.61
2002-03-19,24.97,24.97,24.37,24.61,1873200,9.70
2002-03-18,24.72,25.03,24.60,24.95,1877700,9.83
2002-03-15,23.70,24.70,23.70,24.55,2552800,9.67
2002-03-14,24.05,24.35,24.00,24.15,669600,9.51
2002-03-13,24.03,24.05,23.70,23.80,1873000,9.38
2002-03-12,24.35,24.54,24.25,24.34,950800,9.59
2002-03-11,25.00,25.33,24.92,25.20,2072400,9.93
2002-03-08,24.90,25.50,24.90,25.07,1222300,9.88
2002-03-07,25.15,25.33,24.70,24.85,2159800,9.79
2002-03-06,23.83,25.45,23.83,25.10,4926400,9.89
2002-03-05,23.95,24.00,23.56,23.83,3499000,9.39
2002-03-04,22.65,23.10,22.40,23.10,1933200,9.10
2002-03-01,21.74,22.30,21.65,22.30,2048900,8.79
2002-02-28,21.37,21.74,21.34,21.74,3031200,8.57
2002-02-27,21.30,21.69,21.27,21.44,753900,8.45
2002-02-26,21.50,21.75,21.20,21.51,702200,8.47
2002-02-25,21.15,21.70,21.15,21.70,3566900,8.55
2002-02-22,21.07,21.13,20.82,20.99,3167300,8.27
2002-02-21,21.30,21.38,21.05,21.20,9289100,8.35
2002-02-20,22.52,22.99,22.24,22.87,1542400,9.01
2002-02-19,22.60,22.80,22.52,22.70,2134900,8.94
2002-02-15,22.40,22.55,22.35,22.52,3593800,8.87
2002-02-14,22.00,22.15,21.88,21.95,2621000,8.65
2002-02-13,21.70,22.49,21.70,22.09,4842400,8.70
2002-02-12,23.45,23.45,23.06,23.16,1280000,9.12
2002-02-11,23.55,23.70,23.35,23.65,1575200,9.32
2002-02-08,22.50,22.95,22.50,22.86,1086900,9.01
2002-02-07,21.90,22.29,21.70,22.04,1598300,8.68
2002-02-06,22.15,22.23,21.81,21.85,1678700,8.61
2002-02-05,22.45,22.71,22.35,22.40,1012000,8.83
2002-02-04,22.80,22.80,22.40,22.50,1017800,8.86
2002-02-01,23.20,23.20,22.65,22.90,1680500,9.02
2002-01-31,23.22,23.57,23.22,23.53,2280300,9.27
2002-01-30,23.20,23.30,22.10,23.08,2346800,9.09
2002-01-29,24.00,24.10,23.17,23.20,1988900,9.14
2002-01-28,24.50,24.70,24.05,24.21,1763800,9.54
2002-01-25,24.50,24.57,24.40,24.54,1176600,9.67
2002-01-24,24.75,24.75,24.35,24.62,1195600,9.70
2002-01-23,24.27,24.52,24.02,24.51,2075400,9.66
2002-01-22,24.85,24.93,24.42,24.61,730100,9.70
2002-01-18,25.40,25.46,24.58,24.95,1471800,9.83
2002-01-17,25.60,25.85,25.26,25.66,2077200,10.11
2002-01-16,25.85,25.85,25.51,25.51,1498500,10.05
2002-01-15,26.10,26.45,26.10,26.25,2391000,10.34
2002-01-14,26.25,26.25,25.91,26.13,2276600,10.29
2002-01-11,26.70,26.70,26.30,26.40,1458900,10.40
2002-01-10,26.90,27.05,26.71,26.90,1280000,10.60
2002-01-09,27.00,27.21,26.80,26.92,2503300,10.61
2002-01-08,27.08,27.12,26.80,26.80,1285400,10.56
2002-01-07,26.96,27.17,26.90,27.15,1655600,10.70
2002-01-04,26.50,27.00,26.48,26.96,1720400,10.62
2002-01-03,26.30,26.55,26.08,26.43,1649000,10.41
2002-01-02,26.50,26.62,25.62,26.44,2734000,10.42
2001-12-31,26.80,26.82,26.15,26.46,750000,10.42
2001-12-28,26.15,26.85,26.15,26.84,1359700,10.57
2001-12-27,26.15,26.35,25.70,25.90,2881100,10.20
2001-12-26,26.00,26.14,25.88,25.88,1740500,10.20
2001-12-24,26.10,26.24,25.90,25.95,834700,10.22
2001-12-21,25.90,26.20,25.90,26.05,1791500,10.26
2001-12-20,26.30,26.52,25.87,25.98,1219600,10.24
2001-12-19,26.25,26.61,26.25,26.39,1122700,10.40
2001-12-18,26.40,26.69,26.35,26.49,1720400,10.44
2001-12-17,25.77,26.61,25.77,26.60,10691500,10.48
2001-12-14,26.05,26.21,25.70,26.02,1410400,10.25
2001-12-13,26.60,26.64,25.85,26.00,1069500,10.24
2001-12-12,27.00,27.10,26.30,26.60,1452500,10.48
2001-12-11,27.20,27.43,26.79,27.21,1247400,10.72
2001-12-10,27.52,27.69,27.07,27.37,1453200,10.78
2001-12-07,28.75,28.75,27.46,27.60,2347700,10.87
2001-12-06,27.05,27.88,27.03,27.60,2190100,10.87
2001-12-05,25.85,26.80,25.75,26.80,3789700,10.56
2001-12-04,25.40,25.78,25.30,25.70,967400,10.13
2001-12-03,25.75,25.94,25.60,25.75,942900,10.15
2001-11-30,25.52,26.37,25.52,26.18,1103200,10.31
2001-11-29,25.35,25.77,25.20,25.61,549400,10.09
2001-11-28,25.85,25.97,25.57,25.60,532700,10.09
2001-11-27,26.10,26.38,25.91,26.20,922300,10.32
2001-11-26,26.05,26.31,25.92,26.00,816100,10.24
2001-11-23,26.05,26.15,26.00,26.08,278900,10.28
2001-11-21,25.87,25.99,25.70,25.85,801200,10.18
2001-11-20,26.50,26.55,25.97,26.00,2437400,10.24
2001-11-19,25.95,26.30,25.90,26.00,3123800,10.24
2001-11-16,25.55,25.82,25.40,25.50,2604700,10.05
2001-11-15,24.75,25.25,24.70,25.00,3592500,9.85
2001-11-14,25.00,25.25,24.55,24.60,1767500,9.69
2001-11-13,24.03,25.14,24.03,24.75,1486500,9.75
2001-11-12,24.20,24.65,23.92,24.00,1166400,9.46
2001-11-09,24.05,24.24,24.00,24.15,1617600,9.51
2001-11-08,23.95,24.39,23.90,24.05,3462100,9.48
2001-11-07,23.65,23.84,23.50,23.50,4916900,9.26
2001-11-06,24.10,24.10,23.60,24.00,2316500,9.46
2001-11-05,23.20,23.65,23.20,23.53,1363600,9.27
2001-11-02,23.20,23.60,22.80,23.55,5249000,9.28
2001-11-01,23.80,24.00,23.61,23.90,2441000,9.42
2001-10-31,23.75,24.15,23.40,23.80,2063400,9.38
2001-10-30,23.55,23.70,23.31,23.40,1223200,9.22
2001-10-29,23.30,23.75,23.27,23.75,1920500,9.36
2001-10-26,24.65,24.96,24.50,24.75,2176800,9.75
2001-10-25,24.65,24.75,23.90,24.50,1672100,9.65
2001-10-24,25.70,25.70,24.25,24.73,2932100,9.74
2001-10-23,24.25,24.79,24.15,24.30,1669700,9.57
2001-10-22,23.65,24.30,23.64,24.19,1084900,9.53
2001-10-19,23.45,23.69,23.15,23.60,320500,9.30
2001-10-18,23.90,24.00,23.41,23.68,459300,9.33
2001-10-17,25.00,25.75,23.75,23.76,1624800,9.36
2001-10-16,24.70,25.60,24.70,24.91,773100,9.81
2001-10-15,24.35,24.97,24.35,24.85,1268700,9.79
2001-10-12,25.05,25.11,24.35,24.55,2438100,9.67
2001-10-11,23.60,25.00,23.60,24.93,3237500,9.82
2001-10-10,22.35,23.18,22.35,23.00,916200,9.06
2001-10-09,22.50,22.50,22.05,22.38,1076700,8.82
2001-10-08,22.50,22.50,22.07,22.33,1538300,8.80
2001-10-05,22.95,23.04,22.65,23.00,1791500,9.06
2001-10-04,22.50,23.20,22.50,22.70,2236300,8.94
2001-10-03,21.95,22.75,21.65,22.75,1490300,8.96
2001-10-02,22.00,22.15,21.75,21.90,1668300,8.63
2001-10-01,21.55,21.76,21.40,21.65,1135800,8.53
2001-09-28,21.15,21.50,21.05,21.29,2867500,8.39
2001-09-27,19.60,20.75,19.60,20.51,3016100,8.08
2001-09-26,21.35,21.55,20.76,20.83,2163400,8.21
2001-09-25,21.85,21.93,21.30,21.45,1477000,8.45
2001-09-24,21.50,22.30,21.50,22.04,1728100,8.68
2001-09-21,20.75,21.20,20.46,20.81,5519800,8.20
2001-09-20,21.25,22.00,21.01,21.11,3514600,8.32
2001-09-19,22.00,22.03,21.10,21.65,4190200,8.53
2001-09-18,22.10,22.40,21.45,21.50,3980500,8.47
2001-09-17,22.95,23.50,22.45,22.70,4746200,8.94
2001-09-10,25.91,26.50,25.72,26.05,810200,10.26
2001-09-07,26.40,26.41,25.80,25.90,1240800,10.20
2001-09-06,27.45,27.45,26.83,27.00,1813900,10.64
2001-09-05,28.30,28.30,27.30,27.70,1441400,10.91
2001-09-04,28.00,28.60,27.88,28.60,9968800,11.27
2001-08-31,27.60,27.85,27.00,27.75,3021500,10.90
2001-08-30,28.55,28.65,27.70,27.72,2385800,10.89
2001-08-29,29.10,29.10,28.41,28.55,2165700,11.22
2001-08-28,29.22,29.40,28.55,29.07,2140600,11.42
2001-08-27,30.08,30.09,29.66,29.70,844900,11.67
2001-08-24,29.75,30.35,29.50,30.08,2009000,11.82
2001-08-23,30.30,30.36,29.80,29.89,2966900,11.74
2001-08-22,30.98,30.98,30.20,30.60,1654500,12.02
2001-08-21,30.70,30.80,30.40,30.58,1667200,12.01
2001-08-20,29.80,30.70,29.77,30.59,1438700,12.02
2001-08-17,30.60,30.62,30.02,30.03,1325700,11.80
2001-08-16,31.15,31.15,30.00,30.10,1585400,11.83
2001-08-15,31.00,31.07,30.54,30.72,1904700,12.07
2001-08-14,31.18,31.45,30.98,31.20,1449800,12.26
2001-08-13,31.35,31.55,31.30,31.52,2654500,12.38
2001-08-10,31.65,31.75,31.26,31.26,1830200,12.28
2001-08-09,32.13,32.28,31.40,31.85,2090500,12.51
2001-08-08,31.90,32.34,31.61,32.03,1132400,12.58
2001-08-07,32.15,32.60,32.10,32.35,1189900,12.71
2001-08-06,31.90,32.16,31.74,32.16,3405000,12.63
2001-08-03,33.33,33.40,32.42,32.64,2898800,12.82
2001-08-02,34.19,34.39,33.25,33.33,4312600,13.09
2001-08-01,31.95,32.30,31.95,32.20,2516600,12.65
2001-07-31,31.05,31.20,30.76,30.95,2793300,12.16
2001-07-30,31.00,31.10,30.27,30.51,3524100,11.99
2001-07-27,30.50,31.15,29.50,30.77,2405000,12.09
2001-07-26,30.35,30.59,30.16,30.59,3017000,12.02
2001-07-25,30.50,30.80,30.20,30.42,1542400,11.95
2001-07-24,31.50,31.58,31.00,31.06,1396800,12.20
2001-07-23,31.05,31.50,31.05,31.38,1907800,12.33
2001-07-20,31.05,31.10,30.36,30.64,1058800,12.04
2001-07-19,31.00,31.70,31.00,31.26,1507500,12.28
2001-07-18,31.25,31.80,31.25,31.70,776700,12.45
2001-07-17,31.86,32.14,31.75,32.10,1364700,12.61
2001-07-16,32.25,32.35,31.84,31.86,537900,12.52
2001-07-13,31.25,31.50,31.25,31.45,939100,12.36
2001-07-12,30.75,31.42,30.50,31.35,990700,12.32
2001-07-11,31.00,31.05,30.35,30.41,1154100,11.95
2001-07-10,31.00,31.15,30.65,31.05,925700,12.20
2001-07-09,31.00,31.04,30.81,30.95,552800,12.16
2001-07-06,31.58,31.59,30.82,30.98,1022600,12.17
2001-07-05,32.65,32.74,32.32,32.50,1065600,12.77
2001-07-03,33.00,33.12,32.70,33.04,1069200,12.98
2001-07-02,32.40,32.72,32.20,32.70,1273700,12.85
2001-06-29,31.80,32.60,31.80,32.40,916600,12.73
2001-06-28,31.50,31.61,31.45,31.49,777400,12.37
2001-06-27,32.30,32.30,31.49,31.49,416100,12.37
2001-06-26,31.75,32.18,31.56,32.15,801900,12.63
2001-06-25,32.00,32.00,31.71,31.80,500500,12.49
2001-06-22,32.34,32.35,31.88,31.90,561900,12.53
2001-06-21,32.40,32.46,32.30,32.35,382600,12.71
2001-06-20,31.80,32.45,31.78,32.38,523600,12.72
2001-06-19,31.99,32.25,31.70,31.70,546300,12.45
2001-06-18,32.55,32.55,31.92,31.99,800700,12.57
2001-06-15,32.60,32.75,32.31,32.64,899200,12.82
2001-06-14,32.40,32.60,32.15,32.42,635500,12.74
2001-06-13,32.20,32.45,32.06,32.11,394300,12.62
2001-06-12,32.00,32.70,31.95,32.56,776300,12.79
2001-06-11,32.67,32.67,32.21,32.23,407000,12.66
2001-06-08,32.50,33.00,32.50,32.66,656500,12.83
2001-06-07,32.15,32.50,32.12,32.50,394600,12.77
2001-06-06,32.00,32.27,31.90,31.96,749300,12.56
2001-06-05,31.25,32.00,31.07,32.00,644100,12.57
2001-06-04,30.90,31.65,30.90,31.50,1273500,12.38
2001-06-01,30.75,30.90,30.31,30.90,1573000,12.14
2001-05-31,31.00,31.32,30.96,31.06,1217300,12.20
2001-05-30,32.48,32.48,31.69,31.83,1168200,12.51
2001-05-29,33.45,33.45,32.65,32.65,1131700,12.83
2001-05-25,33.00,33.65,32.78,33.42,1184700,13.13
2001-05-24,32.25,32.35,32.00,32.31,2487000,12.69
2001-05-23,33.00,33.00,32.65,32.93,2702700,12.94
2001-05-22,33.15,33.40,33.15,33.32,1921400,13.09
2001-05-21,33.25,34.00,33.21,33.95,365600,13.34
2001-05-18,33.38,33.47,33.00,33.47,730300,13.15
2001-05-17,33.10,33.82,33.10,33.54,1303600,13.18
2001-05-16,32.25,33.30,32.12,33.19,1815500,13.04
2001-05-15,32.85,32.95,32.29,32.40,1815200,12.73
2001-05-14,33.55,33.55,33.00,33.50,1758600,13.16
2001-05-11,33.87,34.10,33.27,33.51,1820000,13.17
2001-05-10,34.50,34.53,34.00,34.09,2643400,13.39
2001-05-09,33.20,33.90,33.10,33.90,2571900,13.32
2001-05-08,33.70,33.78,33.00,33.05,1417200,12.98
2001-05-07,33.10,33.80,33.06,33.70,1214400,13.24
2001-05-04,32.95,33.06,32.70,32.98,1596700,12.96
2001-05-03,33.00,33.25,32.95,33.00,2154400,12.96
2001-05-02,33.20,33.20,32.70,33.00,1640200,12.96
2001-05-01,32.35,33.20,32.10,33.20,569100,13.04
2001-04-30,32.00,32.56,31.82,32.51,1896500,12.77
2001-04-27,31.74,31.74,31.15,31.30,392300,12.30
2001-04-26,31.25,31.78,30.70,31.74,1060000,12.47
2001-04-25,30.90,31.05,30.55,31.05,1277500,12.20
2001-04-24,30.50,30.75,30.26,30.35,914400,11.92
2001-04-23,31.25,31.44,30.05,30.27,1115000,11.89
2001-04-20,30.00,30.75,29.76,30.74,2193300,12.08
2001-04-19,30.80,30.85,30.00,30.20,3571200,11.86
2001-04-18,29.00,30.45,28.95,29.50,2750700,11.59
2001-04-17,28.90,29.91,28.82,28.90,2375100,11.35
2001-04-16,28.65,29.05,28.60,29.01,1206400,11.40
2001-04-12,27.80,28.75,27.80,28.69,1093900,11.27
2001-04-11,27.75,28.00,27.55,27.60,2964400,10.84
2001-04-10,26.10,27.74,26.10,27.50,2748700,10.80
2001-04-09,26.30,26.30,25.92,25.98,2072900,10.21
2001-04-06,26.60,26.60,26.05,26.20,1567800,10.29
2001-04-05,25.30,26.90,25.30,26.90,2273000,10.57
2001-04-04,25.30,25.30,24.55,24.60,1977300,9.66
2001-04-03,25.30,25.30,24.77,24.77,2411600,9.73
2001-04-02,26.10,26.11,25.45,25.50,2153700,10.02
2001-03-30,26.30,26.85,26.01,26.70,1560800,10.49
2001-03-29,26.56,26.83,26.26,26.35,1059700,10.35
2001-03-28,27.50,27.51,26.55,26.55,1117900,10.43
2001-03-27,27.50,28.35,27.50,28.35,1963500,11.14
2001-03-26,27.20,27.72,27.10,27.38,1324400,10.73
2001-03-23,26.75,27.00,26.45,26.95,1757500,10.56
2001-03-22,26.90,26.90,25.70,26.35,2188800,10.32
2001-03-21,27.73,27.94,27.10,27.10,3160300,10.62
2001-03-20,28.40,28.42,27.80,27.86,1297000,10.91
2001-03-19,28.35,28.59,28.20,28.50,1259900,11.16
2001-03-16,28.75,28.85,28.30,28.37,1202400,11.11
2001-03-15,28.70,28.95,28.50,28.75,1994300,11.26
2001-03-14,28.00,28.90,27.75,28.57,3236100,11.19
2001-03-13,28.70,28.80,28.00,28.50,2779500,11.16
2001-03-12,30.62,30.62,28.75,28.78,1608100,11.27
2001-03-09,31.70,31.70,30.65,30.90,1826500,12.10
2001-03-08,30.75,31.68,30.70,31.50,2354700,12.34
2001-03-07,30.80,31.00,30.60,31.00,2739400,12.14
2001-03-06,30.05,31.35,30.00,30.58,3345200,11.98
2001-03-05,30.85,31.00,30.15,30.39,1904000,11.90
2001-03-02,30.75,31.35,30.75,30.94,2859600,12.12
2001-03-01,32.00,32.35,31.80,32.25,2479000,12.63
2001-02-28,32.50,32.50,31.76,31.97,1764500,12.52
2001-02-27,32.20,32.40,31.90,32.10,3400300,12.57
2001-02-26,31.95,32.10,31.80,32.10,4290500,12.57
2001-02-23,31.99,31.99,31.50,31.81,3590200,12.46
2001-02-22,32.45,32.45,31.75,31.99,4460300,12.53
2001-02-21,35.00,35.40,32.60,32.90,10662300,12.89
2001-02-20,35.60,35.75,35.20,35.69,3697300,13.98
2001-02-16,36.20,37.00,36.00,36.30,2575900,14.22
2001-02-15,36.40,36.75,36.30,36.51,545600,14.30
2001-02-14,37.00,37.10,35.95,36.58,1546500,14.33
2001-02-13,36.50,37.40,36.40,36.49,2707000,14.29
2001-02-12,35.05,36.00,35.05,36.00,1132200,14.10
2001-02-09,34.40,35.15,34.00,34.40,1742300,13.48
2001-02-08,34.65,35.15,34.15,34.42,1156200,13.48
2001-02-07,35.00,35.25,34.30,34.47,1025800,13.50
2001-02-06,33.58,34.44,33.56,33.82,1347300,13.25
2001-02-05,33.00,34.00,32.65,34.00,1374000,13.32
2001-02-02,34.95,34.95,33.95,34.30,1470000,13.44
2001-02-01,34.55,34.80,34.50,34.78,737800,13.62
2001-01-31,34.45,34.68,34.40,34.62,955100,13.56
2001-01-30,34.40,34.50,33.75,34.41,1222300,13.48
2001-01-29,33.27,34.55,33.23,34.40,1251900,13.48
2001-01-26,34.00,34.00,33.44,33.69,1409100,13.20
2001-01-25,34.25,34.69,34.25,34.50,1383500,13.51
2001-01-24,33.50,34.19,33.44,34.00,1474900,13.32
2001-01-23,33.75,33.75,32.94,33.38,2084200,13.07
2001-01-22,35.19,35.19,34.19,34.25,1489900,13.42
2001-01-19,35.69,35.69,35.06,35.19,658800,13.78
2001-01-18,35.44,35.81,35.19,35.69,1412500,13.98
2001-01-17,35.44,35.94,34.63,34.63,1255600,13.56
2001-01-16,34.81,35.00,34.25,34.63,781900,13.56
2001-01-12,33.75,35.19,33.50,34.81,1705200,13.64
2001-01-11,31.50,34.06,31.50,34.00,4463000,13.32
2001-01-10,30.88,31.06,30.62,31.06,1953100,12.17
2001-01-09,31.19,31.56,30.62,31.25,1322600,12.24
2001-01-08,32.00,32.06,30.62,31.00,1826500,12.14
2001-01-05,33.75,33.75,31.56,31.63,2385500,12.39
2001-01-04,32.75,33.38,32.69,33.38,3705900,13.07
2001-01-03,29.87,33.25,29.50,33.25,3723800,13.03
2001-01-02,30.00,30.00,29.50,29.87,2283600,11.70
2000-12-29,29.13,29.44,28.62,29.06,1611900,11.38
2000-12-28,27.75,28.25,27.75,28.19,1741400,11.04
2000-12-27,27.37,27.75,27.19,27.69,2346600,10.85
2000-12-26,28.06,28.19,26.87,27.00,1027600,10.58
2000-12-22,28.62,28.62,27.88,28.00,1312200,10.97
2000-12-21,28.69,28.88,28.25,28.62,1076000,11.21
2000-12-20,29.69,29.69,28.62,28.81,974100,11.29
2000-12-19,29.87,30.50,29.44,29.44,1052000,11.53
2000-12-18,29.50,30.25,29.25,29.50,801200,11.56
2000-12-15,29.25,29.25,28.06,28.69,926600,11.24
2000-12-14,30.31,30.31,28.88,29.50,1438000,11.56
2000-12-13,30.62,30.75,30.31,30.56,1493700,11.97
2000-12-12,30.88,31.00,30.38,30.69,1031000,12.02
2000-12-11,30.75,31.38,30.31,30.88,1479200,12.09
2000-12-08,31.87,31.87,30.69,30.75,1826100,12.05
2000-12-07,31.87,32.31,31.25,31.75,1271600,12.44
2000-12-06,32.50,32.69,31.94,32.25,1810700,12.63
2000-12-05,31.63,32.87,31.63,32.75,1704700,12.83
2000-12-04,31.38,31.69,30.88,31.63,2962200,12.39
2000-12-01,31.25,31.50,31.00,31.44,1401800,12.32
2000-11-30,30.69,30.69,30.00,30.50,2524500,11.95
2000-11-29,30.88,30.94,30.25,30.62,1793700,12.00
2000-11-28,31.38,31.44,30.13,30.94,1550100,12.12
2000-11-27,31.38,31.94,31.12,31.56,1403400,12.36
2000-11-24,30.00,30.00,29.56,29.87,625300,11.70
2000-11-22,29.13,29.75,29.06,29.25,2285700,11.46
2000-11-21,30.50,30.56,29.63,30.31,1559200,11.87
2000-11-20,30.62,31.00,30.50,30.75,1105500,12.05
2000-11-17,32.06,32.13,31.19,31.38,756100,12.29
2000-11-16,31.63,31.94,31.38,31.38,579100,12.29
2000-11-15,32.75,32.81,31.50,31.81,1048000,12.46
2000-11-14,32.87,33.62,32.75,33.31,2192000,13.05
2000-11-13,32.25,32.94,31.81,32.87,1313700,12.88
2000-11-10,31.00,32.50,30.88,32.50,3585000,12.73
2000-11-09,32.25,33.31,31.75,32.31,7611300,12.66
2000-11-08,37.94,37.94,36.38,36.62,718100,14.35
2000-11-07,38.56,38.69,37.94,38.06,518900,14.91
2000-11-06,38.25,38.75,37.94,38.69,1192600,15.16
2000-11-03,37.25,38.00,37.25,37.94,1734400,14.86
2000-11-02,36.75,37.25,36.00,36.75,1930000,14.40
2000-11-01,35.50,35.53,34.87,34.94,2199200,13.69
2000-10-31,35.00,36.19,35.00,36.19,3032800,14.18
2000-10-30,36.62,37.00,36.06,36.06,1906000,14.13
2000-10-27,35.44,36.25,35.13,35.50,777000,13.91
2000-10-26,34.87,35.37,33.75,34.81,996600,13.64
2000-10-25,34.75,35.31,34.69,34.75,1515900,13.61
2000-10-24,36.00,36.81,35.62,35.75,6588200,14.00
2000-10-23,36.12,36.87,36.00,36.87,2843100,14.45
2000-10-20,35.69,36.62,35.06,35.88,2261200,14.05
2000-10-19,34.50,35.88,33.81,35.69,3083500,13.98
2000-10-18,35.00,35.00,32.87,34.69,2732800,13.59
2000-10-17,38.00,38.06,35.50,36.25,1672800,14.20
2000-10-16,38.31,39.63,38.25,38.25,1242900,14.98
2000-10-13,36.75,38.38,36.75,38.19,1467200,14.96
2000-10-12,37.94,38.00,36.31,36.75,2741000,14.40
2000-10-11,39.56,39.56,38.19,38.19,1189700,14.96
2000-10-10,39.37,40.00,39.31,39.63,1473100,15.52
2000-10-09,40.44,40.69,39.63,39.87,1156400,15.62
2000-10-06,41.06,41.06,38.00,39.00,2668300,15.28
2000-10-05,42.00,43.00,40.25,41.00,1932300,16.06
2000-10-04,45.25,45.25,44.06,44.19,2273500,17.31
2000-10-03,46.00,46.25,45.37,45.50,2111600,17.82
2000-10-02,46.62,46.69,45.88,45.94,940900,18.00
2000-09-29,47.75,47.94,46.75,46.88,1519100,18.36
2000-09-28,48.00,48.81,47.87,48.62,2279800,19.05
2000-09-27,46.62,48.13,46.50,47.37,3140300,18.56
2000-09-26,45.50,46.00,45.31,45.63,1455200,17.87
2000-09-25,44.38,44.81,43.50,43.69,983200,17.11
2000-09-22,43.50,44.00,43.00,43.94,856900,17.21
2000-09-21,43.94,44.31,43.88,44.00,1356500,17.24
2000-09-20,44.00,44.38,43.19,43.69,1774900,17.11
2000-09-19,45.13,45.19,44.81,44.87,1570300,17.58
2000-09-18,46.50,46.50,45.50,45.75,1280500,17.92
2000-09-15,47.25,48.19,47.06,47.44,2404300,18.58
2000-09-14,47.50,47.50,46.50,47.00,2494000,18.41
2000-09-13,46.25,46.75,46.19,46.38,1734400,18.17
2000-09-12,45.50,46.00,45.37,45.81,1336200,17.95
2000-09-11,44.62,44.94,44.31,44.69,348400,17.47
2000-09-08,45.00,45.06,44.31,44.75,759300,17.50
2000-09-07,45.19,45.19,44.50,45.06,1292900,17.62
2000-09-06,46.50,46.75,45.63,46.00,1338900,17.98
2000-09-05,47.75,47.75,46.69,46.75,1242400,18.28
2000-09-01,45.00,47.75,45.00,47.37,2987500,18.52
2000-08-31,44.31,44.50,43.62,44.25,835600,17.30
2000-08-30,44.19,44.75,44.12,44.31,813900,17.32
2000-08-29,44.25,44.50,43.69,44.19,1000400,17.28
2000-08-28,44.44,44.62,44.31,44.44,785800,17.37
2000-08-25,43.69,44.62,43.31,44.38,1021200,17.35
2000-08-24,44.00,44.19,43.81,43.94,1622300,17.18
2000-08-23,43.75,44.06,43.50,44.06,850500,17.23
2000-08-22,44.00,44.44,43.81,43.88,1274800,17.15
2000-08-21,43.25,44.00,43.25,44.00,1153900,17.20
2000-08-18,44.62,44.62,43.81,44.38,627100,17.35
2000-08-17,43.94,44.62,43.44,44.62,3096000,17.45
2000-08-16,44.75,44.75,43.69,43.75,2693400,17.10
2000-08-15,43.50,43.94,43.00,43.25,3956700,16.91
2000-08-14,41.25,43.37,41.25,43.12,4878600,16.86
2000-08-11,44.38,44.38,43.00,44.12,1252600,17.25
2000-08-10,44.44,44.62,44.31,44.44,645900,17.37
2000-08-09,45.19,45.19,44.38,44.44,877900,17.37
2000-08-08,45.00,45.50,45.00,45.19,1226400,17.67
2000-08-07,44.87,45.25,44.81,45.00,1295900,17.59
2000-08-04,43.62,44.44,43.56,44.44,788500,17.37
2000-08-03,43.00,43.75,42.63,43.62,570900,17.06
2000-08-02,42.56,43.50,42.56,43.06,1847100,16.84
2000-08-01,42.19,42.31,42.00,42.25,891500,16.52
2000-07-31,42.25,42.31,41.94,42.19,382600,16.49
2000-07-28,42.81,42.81,42.00,42.06,724700,16.44
2000-07-27,42.69,43.00,42.44,42.81,573200,16.74
2000-07-26,43.19,43.19,42.63,42.63,776500,16.66
2000-07-25,44.00,44.00,42.44,42.87,1468800,16.76
2000-07-24,45.13,45.13,44.06,44.12,684600,17.25
2000-07-21,45.50,45.69,45.13,45.19,560300,17.67
2000-07-20,44.75,45.37,44.75,45.37,610600,17.74
2000-07-19,44.94,45.13,44.50,44.69,403600,17.47
2000-07-18,44.87,44.87,44.31,44.56,760900,17.42
2000-07-17,44.75,45.06,44.50,45.00,535200,17.59
2000-07-14,43.75,45.06,43.75,45.06,367400,17.62
2000-07-13,44.75,44.87,44.00,44.00,1779900,17.20
2000-07-12,45.37,45.37,44.62,44.75,1130400,17.50
2000-07-11,45.75,45.88,45.25,45.25,1025800,17.69
2000-07-10,46.38,46.38,45.81,45.94,1139000,17.96
2000-07-07,46.00,46.69,45.63,45.63,626400,17.84
2000-07-06,47.00,47.13,46.62,47.13,1118800,18.42
2000-07-05,48.00,48.00,46.88,46.94,578900,18.35
2000-07-03,47.50,48.25,47.50,48.19,1211900,18.84
2000-06-30,46.56,47.50,46.06,47.50,2540600,18.57
2000-06-29,45.25,45.63,44.44,44.62,704300,17.45
2000-06-28,43.88,45.81,43.81,45.69,1155900,17.86
2000-06-27,43.00,43.81,42.81,43.62,1345000,17.06
2000-06-26,44.00,44.19,43.25,43.88,546500,17.15
2000-06-23,45.37,45.50,44.62,44.69,921900,17.47
2000-06-22,47.25,47.25,45.75,45.75,1197200,17.89
2000-06-21,47.37,47.50,46.38,46.56,1841000,18.20
2000-06-20,46.75,46.94,46.38,46.56,1678700,18.20
2000-06-19,47.00,47.31,46.31,47.13,2136300,18.42
2000-06-16,46.88,47.06,45.56,46.31,2671900,18.11
2000-06-15,44.31,44.44,43.69,44.38,2905300,17.35
2000-06-14,42.50,43.56,42.37,43.25,2146000,16.91
2000-06-13,42.50,42.50,41.50,42.06,1403200,16.44
2000-06-12,43.12,43.75,42.75,42.81,642900,16.74
2000-06-09,43.75,44.12,42.87,42.87,1259600,16.76
2000-06-08,42.50,42.87,42.31,42.37,1291600,16.57
2000-06-07,42.12,42.63,41.50,42.25,2025100,16.52
2000-06-06,42.94,43.00,42.06,42.63,847800,16.66
2000-06-05,43.50,43.50,42.50,42.94,1482000,16.79
2000-06-02,43.00,43.69,42.50,43.69,3407500,17.08
2000-06-01,39.00,41.69,38.94,41.12,1990000,16.08
2000-05-31,38.75,39.56,38.56,39.19,957600,15.32
2000-05-30,37.25,40.19,37.25,40.06,1329400,15.66
2000-05-26,36.25,36.94,35.69,36.75,2786300,14.37
2000-05-25,37.00,38.25,36.75,36.94,1861200,14.44
2000-05-24,36.44,37.00,36.19,36.75,1278400,14.37
2000-05-23,37.13,37.75,37.06,37.13,1194900,14.51
2000-05-22,37.25,37.25,36.56,36.75,1421300,14.37
2000-05-19,39.37,39.37,37.69,38.06,1293600,14.88
2000-05-18,39.56,40.25,39.56,39.69,664900,15.52
2000-05-17,40.75,41.25,40.37,40.81,1256900,15.96
2000-05-16,41.38,41.94,41.19,41.69,1517300,16.30
2000-05-15,40.75,41.56,40.69,40.69,942000,15.91
2000-05-12,40.00,41.06,40.00,40.56,1374000,15.86
2000-05-11,39.25,40.25,38.62,40.25,2703800,15.74
2000-05-10,41.50,41.50,40.13,40.69,1002700,15.91
2000-05-09,42.00,42.25,41.44,42.19,739400,16.49
2000-05-08,41.75,42.00,41.50,41.87,710400,16.37
2000-05-05,41.75,42.37,41.75,42.37,797600,16.57
2000-05-04,42.50,42.63,41.50,41.87,1250800,16.37
2000-05-03,43.50,43.50,41.94,42.69,1005800,16.69
2000-05-02,44.50,44.56,43.50,43.50,1300800,17.01
2000-05-01,44.00,44.81,43.81,44.50,658800,17.40
2000-04-28,43.88,44.25,43.50,44.00,1137800,17.20
2000-04-27,42.37,43.62,42.25,43.62,1186700,17.06
2000-04-26,42.25,43.50,42.25,42.63,874300,16.66
2000-04-25,40.25,42.37,40.25,42.06,1334600,16.44
2000-04-24,39.81,40.25,39.12,39.75,790100,15.54
2000-04-20,41.00,41.00,39.81,39.94,1366300,15.61
2000-04-19,40.62,41.50,40.56,41.12,3182700,16.08
2000-04-18,37.50,40.37,37.25,40.37,3894000,15.79
2000-04-17,38.50,38.94,37.44,38.38,3692100,15.00
2000-04-14,40.50,40.50,37.25,38.25,1742300,14.95
2000-04-13,42.50,42.94,40.50,40.75,2172700,15.93
2000-04-12,44.38,44.38,41.56,42.75,3561400,16.71
2000-04-11,46.25,46.25,44.50,44.50,1709700,17.40
2000-04-10,47.87,47.87,46.88,46.88,1581600,18.33
2000-04-07,47.37,47.37,46.75,47.00,996300,18.38
2000-04-06,46.00,47.25,46.00,46.75,1961300,18.28
2000-04-05,45.00,45.50,44.00,45.13,1468600,17.64
2000-04-04,47.00,47.00,44.00,45.69,1514600,17.86
2000-04-03,48.25,48.50,46.25,46.50,1587700,18.18
2000-03-31,47.75,48.13,47.19,47.75,1201000,18.67
2000-03-30,49.63,49.75,48.19,48.62,1066500,19.01
2000-03-29,50.50,50.75,50.13,50.56,1516200,19.77
2000-03-28,50.63,51.38,50.56,50.75,1415200,19.84
2000-03-27,52.00,52.00,50.50,50.75,1111600,19.80
2000-03-24,52.37,52.81,51.50,52.19,875900,20.37
2000-03-23,52.13,52.69,50.37,52.25,2096200,20.39
2000-03-22,53.50,53.62,52.37,53.25,838300,20.78
2000-03-21,53.50,53.75,53.37,53.50,1768800,20.88
2000-03-20,51.25,52.81,51.25,52.44,1010800,20.46
2000-03-17,49.81,51.19,49.44,51.12,1731700,19.95
2000-03-16,48.25,50.44,48.25,50.31,1997900,19.63
2000-03-15,49.12,49.12,47.13,47.69,3554900,18.61
2000-03-14,50.06,50.37,49.19,49.44,1511200,19.29
2000-03-13,50.50,50.75,50.13,50.31,1392800,19.63
2000-03-10,52.50,53.00,51.31,51.31,1066300,20.02
2000-03-09,53.00,53.37,52.31,53.00,1389400,20.68
2000-03-08,54.25,54.50,53.56,54.25,2369700,21.17
2000-03-07,56.00,56.00,53.00,53.13,2324400,20.73
2000-03-06,56.12,56.12,54.75,54.81,1797300,21.39
2000-03-03,56.12,57.19,56.06,56.38,3319400,22.00
2000-03-02,54.12,54.75,53.00,53.75,1757900,20.97
2000-03-01,51.50,52.69,51.19,52.37,1473100,20.44
2000-02-29,50.25,50.37,48.81,50.31,1157300,19.63
2000-02-28,50.00,51.31,49.63,51.19,2244900,19.98
2000-02-25,48.31,48.88,48.25,48.25,1238100,18.83
2000-02-24,48.13,48.38,47.31,48.00,1770900,18.73
2000-02-23,50.00,50.00,49.38,49.75,1772700,19.41
2000-02-22,48.50,49.38,48.00,49.31,2368500,19.24
2000-02-18,51.00,51.00,48.88,49.25,1278900,19.22
2000-02-17,52.00,52.00,50.37,50.75,2483100,19.80
2000-02-16,51.75,51.75,50.69,51.06,2655800,19.93
2000-02-15,49.63,51.00,49.50,50.81,5275300,19.83
2000-02-14,48.00,49.56,47.75,48.75,2910100,19.02
2000-02-11,50.37,50.37,48.88,49.06,2224600,19.15
2000-02-10,50.75,50.75,49.50,50.13,3840800,19.56
2000-02-09,51.25,52.50,49.56,49.56,9120700,19.34
2000-02-08,46.81,48.13,46.81,47.44,1657900,18.51
2000-02-07,46.50,46.50,45.63,46.38,2377400,18.10
2000-02-04,45.75,45.81,44.50,45.25,2681900,17.66
2000-02-03,48.00,48.00,46.06,47.44,6867600,18.51
2000-02-02,44.75,45.00,42.87,44.87,7945200,17.51
2000-02-01,40.88,41.44,40.13,41.44,2966000,16.17
2000-01-31,40.88,41.00,39.69,41.00,2654900,16.00
2000-01-28,38.25,40.25,38.25,39.06,3360400,15.24
2000-01-27,37.87,38.00,37.50,37.75,1582000,14.73
2000-01-26,36.06,36.38,36.00,36.38,753400,14.19
2000-01-25,35.94,36.25,35.44,36.12,635000,14.10
2000-01-24,37.75,37.75,35.56,35.69,863000,13.93
2000-01-21,37.75,37.81,37.31,37.44,1340900,14.61
2000-01-20,38.88,38.88,37.75,38.19,2427600,14.90
2000-01-19,38.00,38.00,37.25,37.44,1335300,14.61
2000-01-18,38.94,38.94,37.87,38.12,1218700,14.88
2000-01-14,40.00,40.75,38.25,38.75,4153700,15.12
2000-01-13,39.25,39.50,38.31,39.37,4149600,15.37
2000-01-12,37.69,37.75,36.25,37.19,2438100,14.51
2000-01-11,39.00,39.37,37.63,38.12,6526600,14.88
2000-01-10,34.87,39.00,34.87,38.88,5344800,15.17
2000-01-07,32.87,33.31,32.75,32.87,1620300,12.83
2000-01-06,33.50,33.62,32.87,33.06,949900,12.90
2000-01-05,32.50,33.38,32.50,32.75,1832200,12.78
2000-01-04,33.12,34.00,32.00,32.25,2203300,12.58
2000-01-03,33.62,33.94,33.19,33.38,1911000,13.02
